5
12
7
23
5
9
28
11
56
30
24
28
10
18
14
15
7
16
5
23
10
9
11
6
15
18
18
25
18
7
22
20
6
6
14
28
11
6
23
9
10
10
7
11
12
20
21
7
17
13
6
12
23
7
6
13
7
5
9
5
7
7
11
9
41
10
7
14
6
15
10
5
10
8
5
5
14
5
20
11
5
13
23
12
13
9
5
5
13
8
5
9
8
10
8
10
5
24
7
14
6
6
7
5
8
8
8
5
11
8
7
5
14
11
5
6
9
7
8
5
10
6
11
7
5
9
7
8
7
8
6
9
11
10
19
13
8
11
8
6
21
11
5
15
10
6
7
13
19
8
37
7
11
5
36
7
7
27
5
7
6
11
11
7
10
14
6
14
7
10
7
6
8
7
11
14
15
12
18
17
7
8
10
5
10
5
7
6
7
9
9
8
11
6
17
7
6
5
6
10
46
9
7
9
6
9
7
11
6
6
6
9
6
20
18
5
17
5
5
19
5
5
6
7
23
5
8
6
16
5
8
6
10
11
14
5
14
5
5
14
12
5
10
7
12
10
6
7
13
24
13
5
6
5
7
7
6
9
5
6
10
6
7
6
13
10
12
13
5
27
8
9
8
9
10
8
8
9
9
7
7
13
10
9
9
6
7
8
9
7
10
12
8
8
7
5
7
6
5
7
6
7
5
6
8
5
5
12
5
9
6
6
6
10
6
6
10
15
11
11
6
10
5
7
5
5
12
6
8
12
12
5
9
7
6
9
12
6
5
11
5
5
6
5
6
13
9
11
9
5
8
9
5
10
5
7
6
9
5
7
10
13
5
10
8
13
6
9
11
9
7
6
9
7
12
7
6
7
5
5
7
9
8
6
6
8
5
8
8
6
5
8
9
5
13
11
7
7
10
10
8
9
34
7
5
7
9
9
10
14
9
16
50
5
5
7
21
9
10
8
9
6
7
7
19
9
9
9
7
8
6
13
7
6
7
8
5
5
7
6
9
12
6
6
5
7
7
6
5
8
7
5
5
5
6
5
8
7
7
6
6
5
6
6
6
10
6
6
9
12
24
10
7
8
6
8
5
5
5
5
6
6
12
5
6
11
6
7
5
5
8
5
6
5
10
7
6
6
5
7
9
6
6
5
7
5
6
5
8
37
6
5
7
6
7
5
17
12
6
5
16
5
5
7
6
9
6
5
11
5
5
5
7
5
7
8
7
5
6
6
5
5
8
5
7
6
5
5
10
5
5
7
5
5
10
5
5
6
6
6
5
5
6
5
5
7
5
7
5
5
5
5
9
7
5
6
6
5
7
13
31
5
5
15
5
6
5
6
7
10
7
6
5
5
8
5
5
7
5
6
7
9
8
8
6
6
7
5
5
6
5
5
6
6
5
7
5
6
7
5
8
5
8
5
5
6
6
5
6
9
5
4
7
5
6
6
6
6
6
5
8
7
5
5
9
5
7
5
6
5
5
6
5
5
5
5
5
5
5
7
5
15
6
6
5
5
5
6
6
5
5
5
7
5
8
5
5
5
7
6
5
6
5
6
6
7
5
5
5
5
5
5
5
5
5
9
5
5
5
5
5
5
5
7
6
6
6
5
5
8
5
5
5
5
5
6
5
5
5
5
5
5
5
5
5
5
5
7
5
5
5
5
5
5
5
5
7
7
7
6
6
5
5
5
5
6
9
5
7
9
5
5
5
8
5
5
5
6
5
11
5
6
6
5
6
5
6
5
6
6
5
5
5
5
5
5
8
6
6
5
6
5
6
8
6
5
6
5
5
5
5
5
7
5
5
5
6
4
5
5
5
5
5
8
4
5
5
6
5
5
7
6
10
6
8
5
5
5
5
5
5
5
5
5
5
6
5
5
7
5
6
5
5
5
5
5
5
5
5
7
5
5
5
5
4
4
5
5
5
5
5
5
6
10
5
4
4
5
5
6
5
5
5
6
5
5
5
5
5
5
4
5
5
5
5