-3335.54,-1476.19
-3315.94,-1524.27
-3240.33,-1500.09
-3288.13,-1409.83
-3333.03,-1429.10
-3315.01,-1468.04
-3335.54,-1476.19
-2819.01,-1640.73
-2781.48,-1626.03
-2755.28,-1688.23
-2790.97,-1703.27
-2819.01,-1640.73
-4957.02,-2030.54
-4993.98,-1912.80
-4982.81,-1911.12
-4988.70,-1863.40
-5030.42,-1866.13
-5039.77,-1953.44
-5023.57,-1993.86
-5043.58,-1994.36
-5044.06,-2037.54
-4957.02,-2030.54
-1350.18,-2042.61
-1387.55,-2105.76
-1376.40,-2117.51
-1420.58,-2179.51
-1370.60,-2214.41
-1383.50,-2233.83
-1492.72,-2154.88
-1434.96,-2066.44
-1401.02,-2095.77
-1365.54,-2037.54
-1350.18,-2042.61
-523.04,-2351.44
-652.05,-2297.98
-645.33,-2282.34
-678.37,-2266.68
-689.30,-2282.44
-764.15,-2251.37
-775.37,-2204.25
-523.46,-2213.32
-523.04,-2351.44
-1930.82,-1886.98
-1910.59,-1931.78
-1884.36,-1923.61
-1902.51,-1877.09
-1930.82,-1886.98
-3398.16,-1569.78
-3360.50,-1555.87
-3332.48,-1626.30
-3370.72,-1640.65
-3398.16,-1569.78
-3319.75,-1727.35
-3298.60,-1781.10
-3219.94,-1752.12
-3248.05,-1697.22
-3219.37,-1685.48
-3227.66,-1665.19
-3285.13,-1688.53
-3274.41,-1710.98
-3319.75,-1727.35
-2437.91,-1924.03
-2420.55,-1963.45
-2384.14,-1947.40
-2401.51,-1907.98
-2437.91,-1924.03
-1937.43,-1802.00
-1959.30,-1831.47
-1932.98,-1840.92
-1917.78,-1810.99
-1937.43,-1802.00
-2230.28,-2027.76
-2261.81,-2038.41
-2280.45,-1978.84
-2250.17,-1967.74
-2230.28,-2027.76
-3831.17,-1981.12
-3840.44,-1873.56
-3823.49,-1870.51
-3825.66,-1858.20
-3890.91,-1857.93
-3886.38,-1895.44
-3930.01,-1899.25
-3919.53,-2012.48
-3831.17,-1981.12
-269.83,-2353.21
-270.20,-2374.99
-173.05,-2376.64
-172.68,-2355.56
-92.46,-2356.94
-76.96,-2309.57
-156.39,-2309.06
-156.07,-2258.41
-234.78,-2257.91
-234.99,-2290.88
-261.14,-2296.90
-261.68,-2329.52
-309.57,-2328.72
-309.97,-2352.53
-269.83,-2353.21
-2579.14,-1805.91
-2556.98,-1798.44
-2563.43,-1780.05
-2586.32,-1784.98
-2579.14,-1805.91
1969.08,-2104.46
1935.79,-2171.24
1963.88,-2169.92
1990.41,-2119.04
1969.08,-2104.46
-3934.76,-1052.85
-3838.42,-986.57
-3817.77,-992.90
-3813.49,-1004.71
-3915.85,-1079.27
-3934.76,-1052.85
-2797.99,-2048.83
-2788.42,-2071.83
-2758.40,-2061.31
-2749.42,-2082.53
-2811.92,-2105.28
-2826.70,-2061.24
-2797.99,-2048.83
-3855.40,-1467.87
-3841.71,-1458.82
-3827.30,-1475.27
-3818.18,-1470.26
-3792.22,-1520.61
-3806.67,-1526.95
-3801.21,-1539.58
-3818.71,-1548.68
-3855.40,-1467.87
-953.69,-2282.55
-952.89,-2316.30
-932.43,-2337.37
-942.91,-2366.86
-905.65,-2368.05
-897.05,-2349.44
-913.62,-2328.17
-897.60,-2298.47
-953.69,-2282.55
-3795.90,-1512.63
-3777.33,-1504.04
-3767.77,-1524.70
-3786.36,-1533.30
-3795.90,-1512.63
-4948.33,-1467.55
-4935.90,-1527.80
-4891.23,-1517.60
-4904.99,-1458.00
-4948.33,-1467.55
-2260.41,-1892.97
-2268.94,-1855.41
-2308.78,-1858.06
-2301.95,-1838.79
-2316.18,-1830.03
-2262.09,-1806.39
-2250.58,-1843.49
-2218.08,-1875.31
-2260.41,-1892.97
2021.52,-2165.73
2024.17,-2202.23
1938.96,-2208.41
1946.16,-2171.21
2021.52,-2165.73
-3105.00,-1955.22
-3096.40,-1975.20
-3043.10,-1952.26
-3050.95,-1933.03
-3105.00,-1955.22
1142.10,2864.56
1066.40,2899.45
1020.17,2862.24
988.54,2786.57
1089.62,2767.32
1142.10,2864.56
-1420.58,-2179.51
-1370.60,-2214.41
-1362.89,-2203.02
-1413.12,-2169.02
-1420.58,-2179.51
-3640.13,-1822.57
-3659.75,-1830.47
-3627.75,-1907.92
-3609.42,-1901.14
-3640.13,-1822.57
-3794.22,-1739.18
-3757.28,-1725.27
-3745.84,-1765.40
-3784.80,-1774.09
-3794.22,-1739.18
-4788.41,-1437.08
-4741.43,-1428.18
-4723.13,-1482.21
-4796.49,-1499.10
-4800.91,-1472.62
-4783.84,-1469.80
-4788.41,-1437.08
-4678.43,-2211.67
-4662.18,-2284.14
-4599.29,-2259.96
-4604.45,-2202.07
-4678.43,-2211.67
-2285.94,-1866.65
-2265.15,-1894.95
-2304.58,-1911.41
-2312.69,-1890.01
-2282.04,-1875.72
-2285.94,-1866.65
1565.29,6436.66
1541.85,5939.39
1565.29,6436.66
-1992.91,3244.99
-2008.49,3200.75
-2074.40,3229.79
-2049.83,3274.18
-1992.91,3244.99
-3670.09,-1411.55
-3643.73,-1401.19
-3607.74,-1450.23
-3644.02,-1465.50
-3670.09,-1411.55
-651.55,-198.23
-710.20,-163.60
-719.02,-178.06
-713.52,-284.57
-682.84,-305.55
-663.18,-276.11
-651.55,-198.23
-1649.18,-2286.90
-1638.80,-2304.71
-1701.33,-2355.82
-1714.69,-2340.07
-1649.18,-2286.90
-4657.13,-1991.06
-4634.14,-1989.81
-4639.68,-1963.48
-4660.74,-1963.07
-4657.13,-1991.06
-2053.81,-1740.31
-2071.21,-1745.66
-2133.09,-1715.74
-2129.72,-1708.31
-2053.81,-1740.31
-1234.47,-2510.96
-1276.07,-2489.93
-1196.87,-2360.36
-1149.20,-2388.97
-1153.08,-2415.34
-1174.28,-2407.89
-1234.47,-2510.96
4310.35,-3995.52
4283.68,-3937.97
4150.35,-4001.97
4180.36,-4057.29
4310.35,-3995.52
-3730.22,-1253.68
-3736.61,-1245.21
-3782.40,-1266.12
-3736.63,-1327.69
-3729.19,-1319.86
-3758.85,-1271.09
-3730.22,-1253.68
-1642.71,-2373.50
-1624.21,-2403.79
-1594.19,-2377.47
-1609.80,-2352.02
-1642.71,-2373.50
-2135.07,-1832.64
-2022.27,-1792.83
-2135.07,-1832.64
-3022.63,-1882.19
-3010.19,-1872.90
-2964.00,-1882.56
-2980.63,-1952.62
-3031.90,-1936.68
-3045.87,-1945.44
-3047.57,-1916.02
-3019.20,-1903.50
-3022.63,-1882.19
-1365.18,4992.00
-1357.15,4989.25
-1369.05,4952.09
-1526.73,4516.65
-1365.18,4992.00
-837.59,-2352.01
-855.52,-2353.90
-858.86,-2373.32
-861.01,-2332.76
-839.51,-2332.49
-837.59,-2352.01
1947.01,-2050.89
1959.15,-2011.38
1987.59,-2015.32
1982.94,-2048.87
1974.89,-2043.50
1962.88,-2061.49
1947.01,-2050.89
-344.88,-432.31
-360.59,-507.33
-385.61,-503.07
-403.77,-574.37
-335.42,-590.24
-289.62,-467.23
-344.88,-432.31
-1115.85,-2282.24
-1121.75,-2301.71
-1087.43,-2311.90
-1088.81,-2290.56
-1115.85,-2282.24
-1928.49,-2491.56
-1942.73,-2458.64
-1905.14,-2439.73
-1918.69,-2403.53
-2004.32,-2432.94
-1968.16,-2514.80
-1928.49,-2491.56
-3438.62,-1849.86
-3209.08,-1774.53
-3438.62,-1849.86
-4367.07,-2125.92
-4389.31,-2129.71
-4378.52,-2181.44
-4355.43,-2174.54
-4367.07,-2125.92
8599.79,-9600.18
8576.05,-9593.40
8569.40,-9658.96
8546.68,-9656.30
8520.00,-9972.79
8578.11,-9987.48
8599.79,-9600.18
4310.35,-3995.52
4246.87,-4025.75
4261.58,-4053.98
4314.23,-4027.68
4310.35,-3995.52
-624.24,-442.74
-623.79,-507.68
-636.96,-508.36
-636.22,-537.78
-588.52,-538.72
-577.15,-440.05
-624.24,-442.74
-3677.30,-1715.40
-3663.69,-1769.43
-3618.39,-1749.01
-3639.53,-1701.30
-3677.30,-1715.40
-1933.24,-2399.17
-1955.53,-2405.70
-1970.62,-2371.91
-1989.79,-2378.63
-2008.92,-2334.52
-1968.09,-2318.55
-1933.24,-2399.17
-878.83,-2863.39
-874.17,-2878.59
-959.65,-2903.25
-958.98,-2884.43
-878.83,-2863.39
-1252.84,-4621.66
-1197.56,-4560.28
-1127.46,-4633.07
-1082.87,-4526.80
-1116.93,-4511.78
-1122.17,-4523.10
-1216.14,-4455.52
-1288.95,-4521.73
-1284.60,-4576.85
-1273.20,-4608.08
-1252.84,-4621.66
960.54,2398.72
954.68,2404.58
1355.98,2937.66
1316.01,2869.12
960.54,2398.72
-4942.60,-1563.19
-4982.00,-1569.13
-4977.44,-1594.39
-4939.27,-1585.14
-4942.60,-1563.19
-1883.86,501.34
-1959.23,148.33
-1892.60,136.08
-1886.73,219.60
-1839.60,215.90
-1838.59,300.53
-1808.33,464.90
-1825.69,486.43
-1883.86,501.34
-3339.79,9790.27
-3310.00,9747.41
-3334.48,9723.66
-3357.54,9750.03
-3384.39,9724.61
-3376.07,9709.64
-3403.88,9683.03
-3397.94,9675.44
-3499.66,9614.61
-3481.59,9644.79
-3470.90,9634.81
-3424.32,9667.83
-3436.20,9694.44
-3463.77,9677.81
-3501.80,9709.41
-3556.70,9651.44
-3582.60,9673.77
-3548.14,9716.06
-3553.13,9728.64
-3576.19,9741.72
-3607.08,9708.45
-3628.47,9724.85
-3528.44,9822.03
-3503.14,9794.99
-3450.70,9811.08
-3434.54,9793.50
-3475.56,9756.02
-3437.94,9705.27
-3339.79,9790.27
-4947.38,-1591.41
-4921.52,-1579.99
-4913.64,-1600.27
-4937.67,-1615.13
-4947.38,-1591.41
-4986.29,-1542.30
-4935.90,-1527.80
-4987.58,-1532.88
-4986.29,-1542.30
391.50,1440.33
349.37,1443.41
340.26,1373.62
376.35,1369.87
391.50,1440.33
1046.88,2549.79
1047.21,2611.17
1080.29,2595.26
1046.88,2549.79
-1911.45,-2401.67
-1886.00,-2471.25
-1928.49,-2491.56
-1942.73,-2458.64
-1905.14,-2439.73
-1911.45,-2401.67
-994.75,-2898.74
-990.44,-2916.99
-969.06,-2912.14
-969.56,-2893.39
-994.75,-2898.74
-3624.04,-1816.00
-3647.25,-1825.49
-3661.99,-1779.45
-3643.21,-1771.70
-3624.04,-1816.00
-453.73,-476.61
-455.42,-494.15
-406.60,-499.21
-401.99,-467.36
-427.35,-463.59
-428.03,-477.47
-453.73,-476.61
-1437.69,-2589.85
-1470.20,-2619.31
-1417.88,-2676.54
-1388.25,-2642.67
-1437.69,-2589.85
-4086.26,-1022.52
-4052.82,-996.28
-4067.62,-981.67
-4092.70,-1007.71
-4086.26,-1022.52
-2122.48,-2280.06
-2160.08,-2295.91
-2139.12,-2339.79
-2104.31,-2325.17
-2122.48,-2280.06
-2911.51,-2285.36
-2895.52,-2337.03
-2802.68,-2309.82
-2819.20,-2257.96
-2911.51,-2285.36
1833.95,-1971.03
1788.42,-1895.84
1794.82,-1869.80
1897.12,-1893.68
1880.09,-2002.46
1833.95,-1971.03
-552.83,-544.34
-547.67,-594.33
-487.96,-593.79
-487.48,-553.76
-470.94,-553.72
-470.80,-541.82
-552.83,-544.34
-1152.66,-4484.48
-1249.31,-4408.76
-1214.01,-4368.84
-1220.52,-4354.99
-1170.84,-4302.58
-1092.06,-4383.88
-1152.66,-4484.48
-3505.58,-1875.21
-3727.62,-1955.01
-3505.58,-1875.21
-4115.81,-1409.28
-4074.79,-1402.31
-4059.97,-1448.02
-4100.86,-1457.00
-4115.81,-1409.28
778.39,1441.55
832.86,1701.14
869.58,1693.60
816.91,1438.43
778.39,1441.55
1797.14,-2295.81
1790.47,-2319.86
1845.51,-2332.02
1851.89,-2307.69
1797.14,-2295.81
-5102.41,-2735.85
-5114.47,-2764.87
-4931.47,-2844.64
-4914.43,-2804.84
-5102.41,-2735.85
1033.38,2462.68
1046.78,2479.67
1072.59,2471.83
1104.96,2438.17
1164.67,2429.85
1230.63,2358.57
1229.82,2339.14
1173.27,2342.41
1196.47,2172.78
1111.17,2176.37
1112.15,2391.42
1033.38,2462.68
-4275.70,-1436.05
-4245.17,-1430.47
-4253.71,-1388.28
-4283.68,-1391.42
-4275.70,-1436.05
1033.38,2462.68
1023.24,2449.60
1065.41,2419.54
994.48,2325.74
1094.82,2251.22
1110.52,2251.54
1112.15,2391.42
1033.38,2462.68
-4042.37,-1771.54
-4038.82,-1793.76
-3972.18,-1780.23
-3978.63,-1750.39
-4042.37,-1771.54
-1750.27,-3126.63
-1695.30,-3097.48
-1723.78,-2924.15
-1910.35,-3021.30
-1884.73,-3071.65
-1817.84,-3037.42
-1813.46,-3047.04
-1771.25,-3036.32
-1737.69,-3094.39
-1760.43,-3106.10
-1750.27,-3126.63
-1233.46,-2020.07
-1121.06,-2020.66
-1072.68,-1958.80
-1073.26,-1864.19
-1139.60,-1864.34
-1138.88,-1892.30
-1235.64,-1890.56
-1233.46,-2020.07
-4167.56,-1374.32
-4143.47,-1366.44
-4138.84,-1396.42
-4166.14,-1400.80
-4167.56,-1374.32
-4011.81,-1849.47
-3980.44,-1847.01
-3987.91,-1824.99
-3977.55,-1801.88
-4014.70,-1804.49
-4011.81,-1849.47
-3959.51,-1808.70
-3958.43,-1838.46
-3937.71,-1842.96
-3939.52,-1806.88
-3959.51,-1808.70
227.83,1851.27
147.28,1489.60
89.53,1494.08
176.64,1861.25
227.83,1851.27
755.56,-1229.52
732.09,-1213.08
691.88,-1272.87
741.74,-1296.54
759.72,-1267.19
741.15,-1249.46
755.56,-1229.52
-664.85,-2313.23
-773.29,-2266.17
-664.85,-2313.23
-3046.28,1102.73
-2965.73,1071.62
-2980.64,971.07
-3072.24,1000.79
-3046.28,1102.73
-4558.52,-1638.50
-4540.47,-1633.28
-4525.32,-1685.70
-4560.17,-1695.78
-4568.26,-1667.78
-4551.47,-1662.92
-4558.52,-1638.50
-2223.25,-2443.84
-2232.68,-2450.58
-2257.00,-2404.73
-2241.98,-2394.48
-2223.25,-2443.84
-958.68,-2811.27
-904.49,-2814.49
-899.90,-2847.62
-872.37,-2842.58
-883.14,-2794.29
-955.75,-2773.07
-958.68,-2811.27
4150.35,-4001.97
4136.03,-3972.31
4271.45,-3909.39
4283.68,-3937.97
4150.35,-4001.97
9445.10,-8407.24
9436.80,-8403.65
9456.75,-8349.96
9540.82,-8363.26
9549.37,-8305.77
9665.88,-8310.46
9629.17,-8467.17
9570.58,-8633.53
9513.80,-8622.35
9565.54,-8426.08
9445.10,-8407.24
-280.40,-596.22
-282.83,-646.59
-239.60,-648.48
-236.53,-602.05
-280.40,-596.22
-2327.60,-2387.08
-2318.85,-2411.71
-2298.99,-2404.90
-2308.19,-2380.13
-2327.60,-2387.08
-3379.97,-2262.23
-3321.30,-2242.42
-3325.83,-2232.67
-3379.97,-2262.23
-9761.11,1294.20
-9769.78,1259.48
-9703.99,1255.84
-9711.48,1300.47
-9761.11,1294.20
-1976.19,3971.89
-2009.95,3935.26
-1949.69,3886.15
-1919.41,3929.61
-1976.19,3971.89
9082.40,-8535.95
9182.74,-8013.68
9341.99,-8040.28
9148.10,-7962.88
9113.48,-7981.95
9086.90,-8105.90
9116.19,-8265.40
9066.70,-8527.02
9082.40,-8535.95
-1581.19,-3785.10
-1551.32,-3837.16
-1451.85,-3777.14
-1479.50,-3729.17
-1581.19,-3785.10
-1919.31,-3253.33
-1884.14,-3225.59
-1878.86,-3235.55
-1831.78,-3208.97
-1791.33,-3293.00
-1921.85,-3378.21
-1931.82,-3361.40
-1963.28,-3365.11
-1998.45,-3294.57
-1919.31,-3253.33
-6157.54,464.88
-6175.73,465.77
-6166.12,532.36
-6149.93,536.55
-6164.67,537.98
-6167.65,555.65
-6135.39,680.86
-6099.20,750.64
-6074.04,741.84
-6084.80,703.25
-6028.33,688.51
-6035.69,667.14
-6084.91,681.68
-6141.98,463.78
-6157.54,464.88
2058.29,-2363.78
2097.98,-2363.64
2098.56,-2291.20
2049.60,-2293.23
2058.29,-2363.78
-1161.93,-3346.62
-1141.23,-3369.22
-1118.96,-3350.80
-1140.44,-3328.61
-1161.93,-3346.62
-2552.08,-2530.32
-2537.52,-2564.14
-2519.63,-2557.04
-2535.64,-2521.69
-2552.08,-2530.32
-796.61,-1993.67
-726.71,-1990.37
-726.49,-2007.29
-740.75,-2007.58
-740.12,-2038.27
-700.72,-2037.47
-698.15,-2115.91
-617.63,-2116.12
-616.55,-2149.89
-644.26,-2175.65
-710.86,-2177.75
-712.00,-2145.13
-778.27,-2148.56
-796.61,-1993.67
-1577.01,-3853.64
-1615.10,-3876.44
-1688.02,-3766.47
-1661.51,-3748.37
-1655.57,-3758.51
-1639.57,-3749.15
-1577.01,-3853.64
-1038.39,-2617.09
-1039.14,-2646.95
-1018.15,-2646.95
-1028.89,-2637.24
-1018.63,-2616.99
-1038.39,-2617.09
-846.26,-303.93
-897.16,-305.63
-897.50,-269.93
-848.44,-271.14
-846.26,-303.93
-4305.41,-2172.99
-4406.08,-2209.64
-4305.41,-2172.99
-874.17,-2878.59
-864.26,-2900.54
-903.40,-2913.00
-912.55,-2889.06
-874.17,-2878.59
-1184.90,173.42
-1148.78,165.07
-1141.41,196.88
-1177.54,205.23
-1184.90,173.42
683.96,1618.03
656.50,1472.83
613.07,1480.38
639.17,1623.52
683.96,1618.03
-1918.75,-6496.83
-1902.96,-6448.29
-1843.56,-6466.41
-1751.03,-6426.43
-1837.92,-6375.13
-2018.99,-6318.33
-2054.33,-6285.44
-2101.99,-6353.24
-1998.56,-6452.06
-1918.75,-6496.83
-1283.25,-6837.21
-1278.86,-6759.23
-1303.67,-6755.88
-1302.47,-6743.74
-1278.01,-6745.80
-1276.83,-6732.66
-1029.05,-6749.64
-1050.43,-6891.55
-1283.25,-6837.21
8370.51,-9537.46
8437.90,-9554.72
8431.04,-9657.71
8456.22,-9666.19
8449.38,-9808.08
8424.05,-9958.63
8329.14,-9945.83
8370.51,-9537.46
-4312.37,-6643.60
-4243.17,-6542.23
-4181.03,-6478.66
-4112.76,-6513.98
-4164.07,-6570.49
-4085.36,-6631.26
-4176.39,-6744.77
-4312.37,-6643.60
-1054.88,-2683.51
-1037.71,-2683.10
-1038.74,-2668.39
-1066.59,-2665.20
-1068.58,-2679.33
-1054.88,-2683.51
-2461.51,-3385.13
-2434.34,-3433.39
-2532.14,-3492.52
-2564.42,-3438.18
-2461.51,-3385.13
6022.72,13394.49
6073.59,13366.25
6086.09,13305.23
6025.52,13297.60
6013.95,13378.18
6022.72,13394.49
-1385.81,-3745.04
-1372.90,-3770.72
-1306.07,-3700.66
-1327.00,-3680.49
-1385.81,-3745.04
-4787.95,-2790.10
-4759.27,-2798.22
-4755.49,-2783.58
-4733.92,-2789.16
-4744.79,-2826.32
-4793.46,-2813.87
-4787.95,-2790.10
1764.13,-1923.85
1816.21,-1962.79
1780.38,-1899.15
1764.13,-1923.85
1715.79,10807.55
1760.43,10792.91
1789.79,10845.96
1766.88,10858.69
1748.81,10827.11
1732.10,10836.82
1715.79,10807.55
-2026.78,-2327.02
-1992.18,-2406.81
-1980.43,-2401.64
-2026.98,-2298.42
-2036.70,-2301.99
-2026.78,-2327.02
-959.76,-2924.13
-912.93,-2928.10
-959.87,-2943.56
-959.76,-2924.13
529.63,2272.74
562.58,2268.01
552.24,2221.92
521.66,2228.31
529.63,2272.74
-1040.02,272.02
-1031.84,196.96
-968.14,192.72
-961.87,233.92
-1017.40,246.55
-1013.27,267.31
-1040.02,272.02
2936.16,-3951.01
2958.15,-3922.58
2937.87,-3895.20
3005.22,-3861.01
3029.57,-3898.96
3106.48,-3860.00
3178.18,-3977.34
3076.79,-4039.50
3029.54,-4089.47
2990.17,-4047.78
3008.70,-4034.86
2988.72,-4001.25
2936.16,-3951.01
-1618.43,5118.20
-1663.87,5125.71
-1650.45,5259.18
-1604.87,5248.80
-1618.43,5118.20
-2840.11,-2909.46
-2804.89,-2894.17
-2829.41,-2846.27
-2861.64,-2861.79
-2840.11,-2909.46
-3312.49,-4309.46
-3300.76,-4342.45
-3226.90,-4306.08
-3239.79,-4271.41
-3222.01,-4263.77
-3235.27,-4237.62
-3262.18,-4250.13
-3278.32,-4211.07
-3323.87,-4231.72
-3299.22,-4300.70
-3312.49,-4309.46
-1796.98,-3565.84
-1755.51,-3622.76
-1736.18,-3608.16
-1776.06,-3552.02
-1796.98,-3565.84
-888.99,-541.87
-888.54,-564.64
-863.33,-564.69
-862.45,-541.82
-888.99,-541.87
-3247.14,1199.68
-2894.30,1062.57
-2891.49,1070.79
-3247.14,1199.68
2286.37,-3585.54
2358.74,-3625.84
2501.30,-3501.61
2444.33,-3475.63
2400.02,-3475.20
2401.00,-3375.91
2352.32,-3375.43
2351.34,-3474.72
2303.49,-3474.25
2300.25,-3433.48
2208.48,-3427.28
2207.90,-3449.60
2221.36,-3450.29
2220.82,-3516.14
2287.12,-3517.12
2286.37,-3585.54
66.46,16648.71
43.17,16555.36
121.41,16534.82
144.40,16621.31
66.46,16648.71
-4314.99,-6641.92
-4265.72,-6563.75
-4185.84,-6475.23
-4225.03,-6453.39
-4356.70,-6600.48
-4365.95,-6614.40
-4314.99,-6641.92
-1115.90,-2963.28
-1078.57,-2955.74
-1074.41,-3012.00
-1115.90,-2963.28
-2069.50,-6964.96
-2031.87,-7003.76
-2071.99,-7045.22
-2016.02,-7105.99
-1952.77,-7028.98
-2034.73,-6941.84
-2069.50,-6964.96
-1872.58,-3822.50
-1858.38,-3854.25
-1824.00,-3835.38
-1843.38,-3807.84
-1872.58,-3822.50
-2589.39,-3104.81
-2574.04,-3137.28
-2547.01,-3123.38
-2564.94,-3090.83
-2589.39,-3104.81
-3519.54,-2787.29
-3512.82,-2806.44
-3457.17,-2786.92
-3463.88,-2767.79
-3519.54,-2787.29
8750.29,-9838.93
8740.64,-9837.25
8752.04,-9676.22
8740.41,-9675.50
8753.90,-9640.80
8750.29,-9838.93
3820.90,-3462.45
3804.82,-3481.44
3816.99,-3513.74
3781.50,-3540.69
3792.66,-3571.23
3829.31,-3568.36
3857.84,-3543.58
3832.20,-3510.27
3846.25,-3481.72
3820.90,-3462.45
-444.74,-780.63
-443.90,-806.10
-462.93,-806.80
-463.11,-781.07
-444.74,-780.63
-2126.58,-2440.45
-2110.56,-2457.43
-2071.02,-2418.76
-2082.77,-2406.39
-2126.58,-2440.45
-1880.44,-3081.60
-1836.21,-3171.50
-1756.25,-3130.47
-1799.99,-3040.09
-1880.44,-3081.60
-998.74,-3066.97
-992.95,-3083.50
-967.77,-3071.93
-973.89,-3056.51
-998.74,-3066.97
-2297.95,-7320.72
-2282.98,-7410.69
-2397.90,-7421.82
-2380.35,-7323.33
-2297.95,-7320.72
9604.62,-8662.30
9581.64,-8671.25
9214.02,-8598.35
9008.99,-8553.44
8980.44,-8535.32
9604.62,-8662.30
-1662.48,-6975.00
-1763.87,-6932.10
-1753.79,-6903.18
-1674.97,-6933.37
-1653.28,-6869.48
-1614.69,-6876.66
-1629.72,-6919.78
-1600.35,-6930.12
-1610.69,-6957.39
-1630.31,-6951.04
-1667.85,-7019.90
-1677.37,-7016.50
-1662.48,-6975.00
-1227.00,317.04
-1219.18,390.14
-1293.06,403.32
-1306.47,330.44
-1227.00,317.04
-1814.49,-4166.66
-1793.33,-4200.47
-1842.06,-4225.77
-1857.54,-4191.96
-1814.49,-4166.66
-4161.93,6939.82
-4149.47,6980.02
-4084.88,6978.84
-4085.45,6937.84
-4161.93,6939.82
-675.74,46.69
-682.18,5.89
-636.34,-1.70
-633.61,16.08
-650.83,18.87
-647.12,43.05
-675.74,46.69
8724.31,-8533.90
8746.29,-8552.84
9410.86,-8690.06
9412.91,-8678.21
8724.31,-8533.90
-2096.75,-2467.07
-2100.42,-2449.82
-2077.91,-2431.35
-2075.18,-2453.85
-2096.75,-2467.07
-395.95,-2177.33
-510.41,-2169.64
-437.85,-2094.08
-395.92,-2093.83
-395.95,-2177.33
-2093.60,-7526.03
-2074.69,-7636.40
-2119.80,-7643.16
-2124.17,-7609.99
-2151.38,-7614.56
-2146.01,-7646.54
-2163.02,-7650.61
-2178.78,-7554.77
-2093.60,-7526.03
-2497.61,-1505.29
-2459.88,-1520.23
-2443.04,-1514.81
-2452.32,-1487.78
-2497.61,-1505.29
-9530.46,-1587.19
-9504.15,-1608.75
-9440.22,-1564.45
-9459.08,-1546.87
-9475.77,-1564.83
-9501.76,-1558.46
-9530.46,-1587.19
-645.37,-2915.29
-629.49,-2950.77
-611.24,-2943.83
-598.48,-2902.37
-645.37,-2915.29
-2132.68,-2444.13
-2124.17,-2459.03
-2143.30,-2473.88
-2137.86,-2498.31
-2166.03,-2458.17
-2132.68,-2444.13
-2464.41,-5991.33
-2601.50,-6137.06
-2582.31,-6160.17
-2440.99,-6017.38
-2464.41,-5991.33
-7133.31,137.29
-7136.23,151.05
-7123.63,157.96
-7104.05,142.90
-7112.93,128.12
-7133.31,137.29
-1499.04,-824.84
-1484.99,-827.01
-1477.99,-791.57
-1444.99,-768.22
-1338.35,-782.99
-1302.06,-801.60
-1304.40,-815.84
-1261.54,-823.34
-1263.07,-882.63
-1305.71,-875.06
-1308.91,-896.79
-1505.35,-862.34
-1499.04,-824.84
-3573.92,-5654.85
-3534.16,-5700.27
-3555.29,-5741.09
-3554.06,-5806.85
-3595.46,-5869.40
-3588.84,-5892.45
-3545.48,-5932.18
-3578.13,-5972.94
-3677.12,-5870.95
-3587.76,-5779.96
-3629.40,-5737.81
-3584.56,-5693.12
-3599.72,-5677.80
-3573.92,-5654.85
1579.42,7182.67
1545.75,7183.97
1559.22,7437.48
1595.93,7436.38
1579.42,7182.67
-2071.99,-7045.22
-2110.32,-7075.73
-2112.73,-7098.18
-2059.88,-7185.03
-2045.25,-7159.42
-2053.54,-7152.35
-2016.02,-7105.99
-2071.99,-7045.22
-2700.74,-2317.12
-2686.36,-2347.06
-2674.04,-2341.19
-2687.24,-2311.70
-2700.74,-2317.12
-1853.76,619.17
-1790.20,601.92
-1813.36,495.41
-1879.29,508.29
-1853.76,619.17
-764.53,-526.02
-763.98,-550.15
-697.21,-550.47
-698.26,-511.46
-764.53,-526.02
-5531.63,-1589.15
-5528.63,-1620.21
-5281.94,-1563.32
-5290.25,-1527.75
-5531.63,-1589.15
-3131.15,-4812.57
-3120.95,-4838.95
-3038.40,-4789.12
-3062.94,-4758.45
-3131.15,-4812.57
-2009.36,-5320.72
-1956.67,-5346.76
-1934.57,-5301.42
-1987.98,-5274.66
-2009.36,-5320.72
-885.28,-779.94
-881.72,-806.73
-925.09,-805.76
-927.92,-780.61
-885.28,-779.94
-1370.55,-3255.46
-1376.37,-3221.90
-1395.45,-3213.52
-1370.02,-3175.98
-1337.14,-3210.26
-1349.02,-3257.91
-1318.38,-3198.01
-1339.15,-3179.24
-1354.82,-3189.79
-1343.03,-3176.14
-1368.62,-3157.07
-1411.58,-3213.52
-1370.55,-3255.46
-1952.38,-3147.46
-1920.98,-3214.93
-1843.10,-3174.55
-1875.95,-3108.04
-1952.38,-3147.46
-664.36,-2992.98
-655.71,-3015.12
-615.16,-2998.97
-624.47,-2976.54
-664.36,-2992.98
-999.11,5890.17
-960.88,5892.21
-967.95,5761.32
-985.08,5762.07
-984.33,5802.54
-1022.73,5804.25
-1020.27,5854.08
-1039.43,5855.69
-1035.24,5867.89
-1002.90,5862.00
-999.11,5890.17
-3568.80,-5529.17
-3721.47,-5528.90
-3731.99,-5466.84
-3777.07,-5399.16
-3736.54,-5341.95
-3671.17,-5398.74
-3611.01,-5496.64
-3568.80,-5529.17
-1763.95,-7412.79
-1691.14,-7432.34
-1733.92,-7499.96
-1802.76,-7454.86
-1763.95,-7412.79
-1015.53,-3354.36
-1000.02,-3341.69
-1013.72,-3324.77
-1029.05,-3338.38
-1015.53,-3354.36
9344.36,-9415.72
9423.23,-9420.55
9434.08,-9500.72
9418.38,-9503.03
9420.94,-9527.97
9360.62,-9532.66
9344.36,-9415.72
-1388.62,-3142.00
-1402.39,-3131.63
-1387.73,-3106.74
-1372.08,-3117.52
-1388.62,-3142.00
-2918.88,-6917.46
-2886.01,-6863.02
-2823.64,-6900.90
-2855.47,-6949.38
-2918.88,-6917.46
-2049.06,-3187.87
-2019.17,-3250.21
-1941.39,-3189.63
-1957.03,-3152.11
-2049.06,-3187.87
-1985.90,-5403.18
-1975.99,-5387.00
-2028.13,-5361.14
-2038.47,-5383.40
-1985.90,-5403.18
1651.06,-1938.82
1651.64,-1951.10
1634.41,-1952.98
1637.59,-1986.02
1648.65,-1986.39
1645.74,-1955.30
1673.66,-1952.84
1672.76,-1935.68
1651.06,-1938.82
-1990.86,-6966.08
-1941.06,-7019.71
-1908.84,-6974.35
-1952.71,-6930.89
-1990.86,-6966.08
-5079.56,5038.14
-5338.67,5192.29
-5251.60,5297.73
-5151.92,5236.27
-5176.41,5194.20
-5095.35,5143.45
-5101.14,5132.99
-5082.21,5121.94
-5076.98,5131.51
-5014.27,5094.55
-5020.94,5083.99
-4990.84,5064.07
-5003.71,5048.04
-5055.41,5079.45
-5079.56,5038.14
-423.09,-221.37
-405.51,-86.11
-443.53,-80.99
-462.29,-215.34
-423.09,-221.37
1983.01,2962.29
1883.99,2963.42
1903.51,3017.20
1834.50,3039.56
1744.07,2893.47
1771.67,2840.65
1790.71,2753.09
1785.95,2718.83
1864.30,2706.91
1862.79,2899.45
1971.32,2857.02
1983.01,2962.29
-839.37,-488.68
-795.01,-488.27
-793.83,-521.55
-835.02,-520.64
-839.37,-488.68
8646.46,-8547.87
8728.85,-8565.75
8687.14,-8734.53
8545.05,-9116.20
8487.22,-9108.97
8477.82,-9105.52
8646.46,-8547.87
-9862.53,1318.89
-9857.13,1304.84
-10007.70,1314.95
-10005.70,1333.24
-9862.53,1318.89
-1206.26,-3975.20
-1236.04,-4005.54
-1180.37,-4059.55
-1142.25,-4068.18
-1139.74,-4035.89
-1127.21,-4045.35
-1133.33,-4059.83
-1113.81,-4052.47
-1096.92,-4073.70
-1090.76,-4068.13
-1092.06,-4046.75
-1150.48,-4022.27
-1170.51,-3976.64
-1183.99,-3990.51
-1206.26,-3975.20
-6161.58,384.96
-6106.57,371.64
-6096.98,410.18
-6147.83,420.92
-6161.58,384.96
-5521.67,-2068.31
-5512.48,-2068.79
-5509.58,-2012.51
-5516.25,-1890.75
-5525.36,-1891.98
-5521.67,-2068.31
8987.63,787.38
9100.61,763.04
9036.89,524.33
8972.57,546.93
8978.94,573.58
8926.22,592.70
8987.63,787.38
-1366.95,-3289.85
-1377.03,-3311.12
-1355.03,-3329.62
-1340.30,-3312.92
-1366.95,-3289.85
-2454.77,-7783.07
-2466.52,-7833.64
-2534.35,-7809.75
-2515.32,-7762.98
-2454.77,-7783.07
-1547.48,-3243.99
-1581.86,-3287.86
-1582.28,-3221.03
-1547.48,-3243.99
-1610.69,-6957.39
-1582.71,-6967.62
-1557.88,-6906.52
-1585.74,-6897.77
-1610.69,-6957.39
-6968.47,756.69
-6970.27,778.31
-6997.83,775.93
-7003.98,828.88
-7052.58,824.07
-7055.54,863.18
-6931.99,879.64
-6929.01,758.47
-6968.47,756.69
9485.19,-9549.03
9501.47,-9815.51
9531.85,-9824.55
9499.26,-9548.80
9485.19,-9549.03
1539.14,5897.06
1527.33,5550.12
1539.14,5897.06
-2837.91,-7222.78
-2871.52,-7279.62
-2842.51,-7299.34
-2803.58,-7240.70
-2837.91,-7222.78
7796.03,-9668.20
7817.45,-9809.51
7763.43,-9838.37
7760.42,-9903.83
7707.07,-9895.77
7714.86,-9804.69
7766.78,-9808.39
7739.16,-9657.22
7796.03,-9668.20
-1816.38,-264.45
-1818.95,-287.77
-1782.04,-291.99
-1779.77,-268.22
-1816.38,-264.45
-661.79,-2753.31
-596.57,-2812.88
-606.58,-2825.16
-702.33,-2746.76
-661.79,-2753.31
20354.46,-1351.14
20352.62,-1294.83
20305.88,-1294.92
20292.67,-1322.54
20273.86,-1322.54
20251.13,-1295.04
20252.26,-1431.06
20179.09,-1421.13
20169.96,-1408.67
20168.29,-1419.58
20190.03,-1437.38
20353.63,-1440.27
20357.52,-1387.82
20330.92,-1383.80
20330.14,-1351.45
20354.46,-1351.14
8909.95,-8642.49
8948.52,-8670.88
8856.80,-8848.07
8844.78,-8850.59
8803.94,-8828.87
8909.95,-8642.49
-1782.26,3270.10
-1675.93,3451.44
-1702.04,3471.53
-1755.96,3368.95
-1811.23,3298.20
-1782.26,3270.10
-1334.51,289.50
-1541.11,325.15
-1569.42,154.32
-1363.66,113.97
-1334.51,289.50
3450.37,-3796.11
3424.30,-3765.68
3470.21,-3741.34
3476.73,-3784.66
3466.46,-3780.27
3450.37,-3796.11
-2310.30,-8076.14
-2278.47,-7843.29
-2287.32,-7811.10
-2240.77,-7806.75
-2189.62,-7899.28
-2164.10,-8075.22
-2238.26,-8086.02
-2310.30,-8076.14
-1491.78,528.78
-1429.46,519.61
-1404.91,485.52
-1417.01,407.44
-1504.61,423.21
-1491.78,528.78
-1429.75,-5101.85
-1401.60,-5120.52
-1376.86,-5086.59
-1353.16,-5105.75
-1352.50,-5163.21
-1399.93,-5172.69
-1363.98,-5198.46
-1393.38,-5275.13
-1335.28,-5296.84
-1337.93,-5306.64
-1176.11,-5321.23
-1177.66,-5279.33
-1225.83,-5275.94
-1229.84,-5238.01
-1294.49,-5226.17
-1292.93,-5164.45
-1252.31,-5162.89
-1252.99,-5151.18
-1321.77,-5063.67
-1416.28,-5012.62
-1387.54,-4982.44
-1471.62,-4911.47
-1515.49,-4926.66
-1482.61,-5046.92
-1429.75,-5101.85
5303.20,-7168.89
5271.43,-7244.56
5472.48,-7245.12
5419.05,-7158.21
5419.33,-7175.93
5303.20,-7168.89
-2063.62,4119.72
-2043.52,4142.53
-2002.21,4106.16
-2022.31,4083.34
-2063.62,4119.72
-1690.43,-3523.27
-1678.44,-3545.83
-1608.88,-3509.57
-1623.66,-3486.85
-1690.43,-3523.27
9978.73,-4682.96
10017.60,-4858.66
10020.84,-5000.38
9700.74,-5097.34
9674.77,-5008.64
9603.93,-5025.41
9581.22,-4946.44
9749.42,-4902.63
9780.82,-4843.76
9762.78,-4817.05
9695.11,-4817.81
9559.10,-4862.44
9563.61,-4779.22
9978.73,-4682.96
4763.14,-9187.14
4772.16,-9160.08
4814.26,-9162.14
4796.57,-9223.46
4757.54,-9216.14
4763.14,-9187.14
-3164.52,-7658.41
-3073.32,-7544.93
-3089.21,-7535.51
-3040.07,-7476.35
-3055.37,-7463.09
-3105.69,-7523.44
-3137.77,-7496.95
-3099.51,-7453.97
-3126.29,-7426.60
-3212.80,-7522.56
-3295.49,-7449.56
-3299.61,-7478.69
-3342.70,-7525.23
-3250.61,-7616.55
-3234.08,-7600.00
-3164.52,-7658.41
-2698.85,-2723.95
-2674.00,-2776.16
-2638.75,-2759.89
-2664.68,-2710.61
-2698.85,-2723.95
-2153.74,-3281.24
-2133.74,-3271.73
-2144.37,-3251.46
-2132.60,-3244.08
-2111.71,-3283.24
-2072.32,-3264.85
-2058.94,-3285.37
-2122.35,-3315.01
-2138.81,-3309.98
-2153.74,-3281.24
-3105.34,-2605.35
-2980.82,-2864.57
-3105.34,-2605.35
-6111.44,198.07
-6084.95,266.57
-6047.65,250.77
-5973.52,345.38
-5895.88,283.81
-6024.31,122.10
-6127.35,173.06
-6111.44,198.07
-1872.12,3131.09
-1846.48,3101.69
-1859.38,3091.41
-1985.55,3144.27
-1977.28,3169.77
-1872.12,3131.09
-1724.45,3542.31
-1726.77,3516.33
-1709.67,3507.49
-1745.75,3503.86
-1655.35,3453.61
-1642.61,3482.58
-1619.29,3474.46
-1724.45,3542.31
-1532.88,-1036.48
-1544.13,-1098.62
-1347.72,-1106.69
-1338.54,-1048.67
-1532.88,-1036.48
-2759.99,-3021.37
-2746.83,-3047.99
-2662.10,-3006.13
-2675.25,-2979.50
-2759.99,-3021.37
-1979.78,-3224.22
-1961.17,-3263.50
-1932.74,-3247.17
-1951.04,-3211.81
-1979.78,-3224.22
-5486.45,-2045.83
-5445.51,-2043.53
-5446.96,-2014.63
-5486.38,-2015.57
-5486.45,-2045.83
-3121.26,-2600.10
-3001.06,-2860.39
-3121.26,-2600.10
-1129.85,-3741.99
-1259.78,-3862.71
-1129.85,-3741.99
-1363.63,4998.07
-1354.14,4997.87
-1298.85,5171.08
-1363.63,4998.07
-1534.54,-3708.05
-1518.77,-3735.74
-1485.81,-3718.44
-1504.06,-3687.40
-1534.54,-3708.05
-1948.82,-430.20
-1958.19,-497.69
-2024.54,-487.33
-2014.44,-419.82
-1948.82,-430.20
-9726.52,1318.00
-9594.79,1327.88
-9726.52,1318.00
-1716.52,-350.83
-1727.84,-404.64
-1676.51,-406.26
-1667.79,-354.17
-1716.52,-350.83
-2514.33,-1466.41
-2480.14,-1416.20
-2468.70,-1449.34
-2514.33,-1466.41
1247.99,16271.49
1328.64,16243.04
1331.14,16354.42
1389.05,16332.70
1389.94,16430.61
1262.06,16429.94
1247.99,16271.49
-707.90,-2833.91
-679.64,-2812.36
-713.57,-2782.41
-707.90,-2833.91
-2563.37,-6975.86
-2502.87,-6861.66
-2474.61,-6777.35
-2519.91,-6757.86
-2602.37,-6952.58
-2563.37,-6975.86
-601.13,-780.43
-628.09,-780.68
-628.55,-740.56
-601.04,-739.90
-601.13,-780.43
964.00,4765.11
964.17,4726.01
945.41,4723.69
945.24,4765.03
964.00,4765.11
-1750.31,-3635.03
-1736.21,-3656.12
-1705.91,-3636.31
-1720.95,-3612.68
-1750.31,-3635.03
10573.37,10908.41
10870.44,10741.41
10808.81,10950.99
10573.37,10908.41
-2160.86,-468.70
-2230.32,-458.97
-2219.51,-388.90
-2149.55,-399.58
-2160.86,-468.70
-2616.44,-3079.73
-2599.20,-3104.74
-2661.00,-3136.62
-2674.46,-3108.78
-2616.44,-3079.73
2406.56,-1621.18
2445.96,-1627.55
2436.97,-1682.31
2403.08,-1673.62
2406.56,-1621.18
-707.20,-2840.34
-668.92,-2821.90
-649.46,-2846.79
-704.24,-2867.18
-707.20,-2840.34
-3416.05,584.12
-3363.82,575.14
-3371.69,525.16
-3424.30,534.02
-3416.05,584.12
-1861.89,-7516.57
-1779.07,-7584.64
-1704.10,-7519.49
-1802.76,-7454.86
-1861.89,-7516.57
140.54,1230.99
150.28,1313.82
192.98,1312.19
201.19,1371.43
277.79,1363.37
246.85,1210.46
140.54,1230.99
13388.54,-543.64
13587.47,-571.61
13589.70,-513.61
13395.83,-485.29
13388.54,-543.64
-7052.58,824.07
-7046.66,752.27
-6968.47,756.69
-6970.27,778.31
-6997.83,775.93
-7003.98,828.88
-7052.58,824.07
-207.53,4990.46
-201.15,4906.47
-155.96,4919.79
-149.87,4894.00
-96.86,4907.04
-109.89,4970.47
-162.61,4966.42
-164.64,4992.20
-207.53,4990.46
9608.53,-5137.27
9625.89,-5191.84
9649.72,-5184.76
9632.83,-5130.86
9608.53,-5137.27
-363.76,-863.58
-365.19,-895.70
-354.49,-898.68
-350.08,-862.81
-363.76,-863.58
-1947.57,1749.66
-1963.79,1700.13
-1930.19,1693.10
-1929.47,1742.93
-1947.57,1749.66
-994.01,4506.80
-1015.68,4430.62
-949.49,4414.63
-937.56,4524.03
-989.92,4527.31
-994.01,4506.80
-2672.49,-3869.31
-2655.86,-3907.31
-2545.10,-3841.83
-2564.78,-3804.85
-2672.49,-3869.31
-960.13,-316.05
-907.09,-326.23
-959.13,-333.57
-960.13,-316.05
-5480.20,-152.69
-5488.82,-167.94
-5435.78,-197.94
-5409.72,-151.85
-5439.17,-135.19
-5456.61,-166.04
-5480.20,-152.69
-1285.02,4159.37
-1259.05,4191.11
-1218.57,4170.01
-1241.30,4132.37
-1285.02,4159.37
-2813.31,-3210.85
-2926.64,-2976.63
-2813.31,-3210.85
3100.54,5148.88
3097.07,5114.99
3188.91,5105.14
3189.77,5148.59
3100.54,5148.88
1367.81,2977.74
1412.43,3112.03
1426.87,3358.69
1405.29,3104.33
1367.81,2977.74
-2874.92,-3111.52
-2947.53,-2970.98
-2874.92,-3111.52
5267.06,-6671.31
5370.07,-6817.39
5386.88,-6780.30
5295.71,-6651.08
5267.06,-6671.31
-571.16,-785.10
-572.01,-817.66
-558.61,-817.62
-557.76,-785.41
-571.16,-785.10
-918.10,-641.16
-942.75,-641.76
-945.38,-622.78
-896.79,-622.11
-914.77,-626.88
-918.10,-641.16
-2228.49,-5563.35
-2223.52,-5547.11
-2279.19,-5530.06
-2263.66,-5479.41
-2204.94,-5497.40
-2188.20,-5442.74
-2160.16,-5451.33
-2197.39,-5572.88
-2228.49,-5563.35
-2745.11,-4000.98
-2701.24,-4080.30
-2632.60,-4039.70
-2638.67,-4029.05
-2659.98,-4042.59
-2669.71,-4001.87
-2688.98,-4011.90
-2715.18,-3982.71
-2745.11,-4000.98
-2589.42,-3292.36
-2557.90,-3354.56
-2593.19,-3337.08
-2600.04,-3316.18
-2589.42,-3292.36
-2788.65,-3221.39
-2851.23,-3091.89
-2788.65,-3221.39
-1698.65,-4190.20
-1684.00,-4181.40
-1646.66,-4192.12
-1684.95,-4217.55
-1698.65,-4190.20
-1503.34,621.01
-1504.45,703.00
-1364.83,707.20
-1380.91,602.44
-1503.34,621.01
-1997.19,-5559.90
-1961.25,-5574.49
-1947.36,-5540.24
-1921.66,-5550.67
-1945.74,-5610.04
-1910.25,-5624.44
-1920.28,-5649.19
-2017.42,-5609.76
-1997.19,-5559.90
-9.68,-1723.54
15.55,-1894.36
-9.68,-1723.54
-2844.53,-3184.44
-2754.36,-3357.84
-2844.53,-3184.44
-15.58,-1050.37
-40.84,-1105.74
-52.96,-1174.77
-47.20,-1422.25
-39.66,-1132.93
-3.11,-1035.26
69.11,-925.41
-15.58,-1050.37
-1839.01,-387.84
-1834.80,-356.11
-1799.74,-361.18
-1803.65,-392.91
-1839.01,-387.84
1266.26,1401.87
1290.63,1557.08
1343.54,1548.52
1357.15,1485.55
1334.40,1396.89
1266.26,1401.87
-1824.41,3110.29
-1778.90,3057.37
-1653.76,3164.85
-1731.93,3254.41
-1797.42,3118.92
-1818.28,3129.41
-1824.41,3110.29
-2440.26,4572.20
-2449.56,4548.78
-2467.99,4556.10
-2458.69,4579.52
-2440.26,4572.20
-2427.97,4603.07
-2437.27,4579.64
-2455.70,4586.96
-2446.40,4610.38
-2427.97,4603.07
-1642.88,3361.99
-1544.66,3217.15
-1487.88,3263.20
-1599.43,3398.19
-1642.88,3361.99
1509.65,16176.62
1557.33,16156.62
1606.39,16312.64
1514.35,16316.38
1509.65,16176.62
-1135.71,-6873.01
-1121.59,-6808.90
-1208.12,-6799.68
-1196.61,-6820.67
-1207.86,-6842.44
-1225.01,-6840.13
-1227.07,-6816.06
-1281.82,-6810.11
-1283.25,-6837.21
-1135.71,-6873.01
-5727.57,-5958.19
-5744.78,-6055.43
-5697.62,-6067.72
-5714.61,-6141.97
-5686.62,-6160.23
-5703.17,-6188.09
-5841.92,-6155.37
-5784.35,-5948.72
-5727.57,-5958.19
20412.53,-1538.90
20602.11,-1530.54
20552.69,-1552.99
20426.61,-1660.92
20453.60,-1625.58
20457.17,-1589.52
20442.85,-1558.96
20412.53,-1538.90
-1984.26,6606.42
-1898.89,6576.57
-1980.05,6362.23
-1996.27,6356.44
-2064.18,6384.25
-2078.01,6410.49
-2047.65,6481.89
-2032.09,6485.57
-1984.26,6606.42
-1858.82,-4245.46
-1790.44,-4213.64
-1858.82,-4245.46
-2737.59,-4190.88
-2716.66,-4233.36
-2687.71,-4215.61
-2718.68,-4163.75
-2727.40,-4167.06
-2720.20,-4184.22
-2737.59,-4190.88
-4181.42,-6410.12
-4139.56,-6425.57
-4091.95,-6360.26
-4133.05,-6332.35
-4072.41,-6241.94
-4092.70,-6252.72
-4151.65,-6340.91
-4181.42,-6410.12
-1543.86,-4384.64
-1569.79,-4513.22
-1534.67,-4384.16
-1543.86,-4384.64
-2613.68,4444.59
-2535.98,4408.43
-2510.95,4473.81
-2585.06,4504.80
-2613.68,4444.59
1552.11,15918.87
1603.33,16070.97
1516.07,16118.75
1473.31,15942.62
1552.11,15918.87
-2364.56,4010.48
-2374.06,3997.41
-2346.89,3980.72
-2337.24,3991.60
-2364.56,4010.48
-2421.19,-4042.86
-2306.59,-4262.48
-2421.19,-4042.86
-1616.24,3480.26
-1564.97,3446.51
-1587.27,3400.16
-1601.19,3408.14
-1581.92,3438.84
-1593.22,3447.09
-1612.48,3418.12
-1643.76,3441.73
-1616.24,3480.26
-5677.40,-3682.51
-5663.79,-3710.76
-5585.59,-3769.82
-5556.50,-3695.64
-5563.90,-3688.57
-5648.54,-3654.97
-5677.40,-3682.51
-1786.19,-6179.09
-1714.63,-6200.53
-1725.05,-6234.43
-1745.05,-6227.48
-1752.58,-6247.19
-1768.52,-6241.39
-1774.89,-6264.87
-1796.61,-6254.73
-1808.20,-6294.13
-1822.69,-6288.34
-1786.19,-6179.09
-2041.83,-4696.40
-2150.17,-4547.38
-2280.14,-4318.03
-2148.84,-4543.67
-2041.83,-4696.40
-1970.49,-4389.03
-1854.26,-4293.42
-1970.49,-4389.03
-1927.47,-4490.32
-1865.67,-4396.54
-1927.47,-4490.32
-2677.08,-3487.11
-2556.71,-3733.01
-2677.08,-3487.11
-2263.69,-4309.94
-2129.00,-4546.08
-2263.69,-4309.94
2672.10,1714.94
2610.69,1728.74
2692.98,2025.52
2676.97,2029.61
2686.75,2082.01
2745.57,2071.54
2817.30,2082.44
2803.31,1951.04
2825.92,1946.08
2819.25,1917.43
2796.40,1922.60
2786.72,1881.45
2703.56,1900.84
2672.10,1714.94
-2604.79,-3663.95
-2450.27,-3983.89
-2604.79,-3663.95
-5248.45,-392.84
-5184.58,-316.84
-5155.81,-418.32
-5209.61,-430.21
-5248.45,-392.84
-7111.94,-47.49
-7129.88,-75.79
-7118.62,-82.93
-7100.68,-54.62
-7111.94,-47.49
-618.38,9312.49
-646.19,9304.11
-693.50,9433.53
-588.05,9460.33
-421.04,9478.85
-406.57,9385.37
-618.38,9312.49
1562.61,2474.99
1846.58,2401.25
1873.89,2351.14
1689.86,2286.63
1684.40,2373.46
1572.05,2369.66
1562.61,2474.99
-433.64,-1985.21
-429.79,-2078.86
-395.61,-2078.02
-379.17,-2057.26
-359.61,-2056.76
-342.02,-2078.06
-306.86,-2076.82
-311.08,-1980.00
-321.73,-1970.60
-348.71,-1971.34
-348.46,-2024.33
-398.48,-2026.06
-400.95,-1974.31
-433.64,-1985.21
-1987.46,-4412.80
-2115.03,-4488.38
-1987.46,-4412.80
1761.34,3349.21
1715.91,3363.74
1751.86,3481.00
1828.77,3455.37
1807.00,3394.87
1776.66,3403.94
1761.34,3349.21
9050.64,11648.30
9063.33,11574.22
9259.01,11597.25
9130.57,11653.56
9050.64,11648.30
-3292.36,801.40
-3306.53,752.81
-3254.61,764.63
-3256.00,745.97
-3290.77,746.44
-3309.30,739.72
-3311.97,726.05
-3288.10,723.27
-3286.13,743.66
-3272.69,742.38
-3252.29,736.24
-3245.68,718.05
-3214.75,713.53
-3212.31,732.42
-3238.97,735.78
-3226.33,762.66
-3163.17,747.95
-3161.21,761.27
-3215.67,763.59
-3215.79,775.87
-3238.73,779.23
-3236.76,793.25
-3292.36,801.40
-1460.27,3615.99
-1426.81,3567.38
-1365.25,3608.10
-1395.39,3655.13
-1460.27,3615.99
-1908.03,-834.05
-1932.84,-967.67
-1801.34,-972.39
-1789.01,-961.87
-1773.94,-849.78
-1908.03,-834.05
8456.05,-9623.62
8459.53,-9563.80
8480.09,-9567.56
8477.77,-9624.59
8456.05,-9623.62
-5978.84,1122.80
-5985.91,1091.41
-5938.72,1080.95
-5931.49,1112.96
-5978.84,1122.80
-2435.22,-3980.84
-2531.71,-3784.14
-2435.22,-3980.84
-2158.61,-711.10
-2162.67,-740.58
-1996.36,-763.12
-1991.14,-734.10
-2158.61,-711.10
-1743.31,-5057.85
-1892.28,-4878.88
-1743.31,-5057.85
-3182.70,-4542.23
-3188.55,-4531.24
-3140.54,-4509.50
-3146.78,-4492.49
-3133.92,-4487.57
-3125.61,-4501.94
-3081.39,-4483.03
-3075.15,-4490.60
-3182.70,-4542.23
-1941.93,-902.86
-2058.11,-891.92
-2052.36,-844.45
-1973.05,-860.72
-1974.94,-880.37
-1938.70,-884.60
-1941.93,-902.86
8091.83,-10538.64
8128.18,-10493.04
8083.19,-10462.71
8043.83,-10508.31
8091.83,-10538.64
-2946.96,6309.48
-2992.07,6340.22
-3005.14,6378.07
-2880.98,6938.65
-3008.26,6380.73
-2997.84,6340.77
-2946.96,6309.48
-3942.82,-479.47
-3789.48,-508.38
-3819.47,-649.67
-3972.90,-625.45
-3942.82,-479.47
2567.14,-1432.90
2558.19,-1478.01
2611.56,-1488.60
2620.52,-1443.50
2567.14,-1432.90
-1015.94,-744.15
-1015.47,-759.86
-983.34,-759.82
-985.11,-744.23
-1015.94,-744.15
-1756.65,-5070.38
-1905.42,-4891.26
-1756.65,-5070.38
-1550.01,-5249.55
-1518.15,-5271.28
-1503.45,-5261.64
-1557.69,-5222.48
-1571.52,-5229.41
-1550.01,-5249.55
-1892.28,-4878.88
-1986.53,-4753.03
-1892.28,-4878.88
-2293.41,6333.01
-2220.98,6430.90
-2220.59,6443.79
-2257.40,6469.79
-2267.92,6463.34
-2267.91,6477.20
-2280.96,6467.11
-2282.11,6490.28
-2439.23,6143.29
-2378.68,6219.37
-2354.19,6229.43
-2293.41,6333.01
-5531.84,-2192.02
-5520.54,-2192.02
-5512.70,-2075.68
-5522.71,-2074.66
-5531.84,-2192.02
20163.75,-1063.38
20155.60,-1084.93
20138.83,-1085.72
20138.37,-1028.53
20932.62,-1031.20
20941.33,-1031.69
20941.94,-1087.80
20885.20,-1082.98
20886.78,-1038.87
20859.01,-1037.86
20849.33,-1060.52
20534.26,-1060.02
20542.49,-1081.48
20516.68,-1095.46
20505.19,-1062.90
20163.75,-1063.38
-4083.55,-5043.55
-4029.77,-4983.95
-3992.69,-5014.08
-4046.53,-5076.77
-4083.55,-5043.55
-1908.18,-4893.99
-1990.99,-4773.41
-1908.18,-4893.99
570.73,1704.34
609.40,1879.29
677.73,2026.52
942.51,2381.93
672.91,2004.17
608.76,1849.53
570.73,1704.34
-3818.43,-5860.67
-3791.00,-5886.68
-3853.71,-5951.50
-3880.93,-5926.79
-3818.43,-5860.67
-4528.08,-6208.07
-4499.77,-6215.03
-4443.24,-6118.48
-4466.79,-6104.72
-4493.16,-6109.33
-4541.05,-6201.19
-4528.08,-6208.07
-2426.53,-3997.80
-2293.04,-4254.60
-2426.53,-3997.80
-1695.66,-5113.51
-1735.62,-5075.35
-1736.37,-5060.41
-1685.26,-5109.26
-1695.66,-5113.51
1082.11,16193.66
1052.40,16207.66
1069.42,16257.17
1176.28,16218.68
1168.74,16169.29
1085.58,16204.28
1082.11,16193.66
-1699.86,-5124.92
-1747.27,-5075.49
-1697.30,-5115.00
-1699.86,-5124.92
8605.74,-9990.34
8621.09,-9991.88
8624.75,-9950.40
8643.09,-9952.74
8646.36,-9913.69
8617.64,-9911.01
8605.74,-9990.34
12534.24,9083.44
12605.10,9025.17
12525.99,9010.00
12468.58,8929.84
12458.01,8940.51
12534.24,9083.44
-5086.64,-1024.29
-5074.26,-1066.77
-5051.27,-1070.14
-5049.45,-1031.52
-5086.64,-1024.29
-4191.29,-792.39
-4170.56,-789.63
-4164.89,-756.91
-4185.55,-752.61
-4191.29,-792.39
-2207.95,-5575.19
-2165.32,-5590.29
-2178.18,-5626.62
-2220.82,-5611.51
-2207.95,-5575.19
8466.37,265.23
8606.11,198.55
8587.86,139.76
8538.05,120.65
8521.25,-17.20
8563.54,-33.43
8552.53,-75.70
8453.49,-55.43
8455.81,122.39
8406.56,118.33
8401.93,211.59
8464.49,213.91
8466.37,265.23
-2555.80,2425.60
-2514.89,2405.52
-2513.22,2384.08
-2493.17,2394.86
-2479.41,2462.21
-2528.15,2482.35
-2555.80,2425.60
-2034.57,-6828.42
-2066.10,-6867.73
-2031.64,-6904.08
-2003.73,-6873.01
-1979.09,-6896.41
-1967.02,-6881.19
-2034.57,-6828.42
-2160.29,-5463.62
-2120.73,-5474.67
-2128.21,-5501.44
-2167.77,-5490.38
-2160.29,-5463.62
-2813.91,-4080.56
-2798.17,-4107.04
-2784.51,-4097.91
-2796.41,-4070.53
-2813.91,-4080.56
-3926.78,-5548.63
-3872.90,-5597.90
-3841.90,-5571.23
-3835.52,-5535.31
-3854.93,-5548.93
-3898.68,-5514.72
-3926.78,-5548.63
7973.75,10092.67
7968.79,10135.57
7988.30,10138.33
7985.94,10194.60
8023.45,10198.20
8026.88,10165.67
8163.15,10250.59
8176.90,10226.30
8306.52,10309.10
8332.02,10267.96
8044.88,10096.80
7973.75,10092.67
-1665.42,-7038.53
-1780.62,-6996.18
-1862.21,-6946.40
-2284.05,-6609.95
-1848.95,-6951.09
-1665.42,-7038.53
14227.51,-1067.70
14221.45,-1131.84
14363.41,-1147.78
14361.96,-1079.82
14227.51,-1067.70
-4274.59,-5325.56
-4292.41,-5362.02
-4227.51,-5395.54
-4210.47,-5361.49
-4274.59,-5325.56
-2299.97,6290.22
-2342.05,6227.45
-2378.03,6198.62
-2366.48,6188.43
-2430.96,6116.51
-2393.89,6092.56
-2304.04,6186.40
-2255.51,6145.69
-2269.42,6127.02
-2153.36,6127.36
-2134.26,6189.85
-2203.86,6205.88
-2171.14,6272.16
-2183.23,6272.58
-2237.53,6210.49
-2299.97,6290.22
156.23,7341.80
266.31,7354.54
261.78,7385.36
323.09,7390.45
325.41,7361.49
355.97,7359.58
370.52,7272.82
167.80,7250.28
156.23,7341.80
-2119.31,-5579.58
-2091.07,-5591.10
-2100.40,-5614.00
-2128.64,-5602.48
-2119.31,-5579.58
-638.50,-2056.18
-636.86,-2103.76
-622.90,-2103.27
-624.55,-2055.70
-638.50,-2056.18
-2055.55,-5676.85
-2032.92,-5686.13
-2045.07,-5715.76
-2067.70,-5706.49
-2055.55,-5676.85
-5405.71,-1513.89
-5399.67,-1541.13
-5381.82,-1537.18
-5387.84,-1509.93
-5405.71,-1513.89
2807.81,-1113.44
2893.56,-1155.74
2875.60,-1213.97
2781.44,-1165.88
2807.81,-1113.44
-2104.38,-5657.04
-2057.46,-5676.56
-2069.81,-5706.69
-2116.91,-5686.99
-2104.38,-5657.04
-2042.94,-5719.31
-2013.12,-5731.55
-2021.16,-5751.13
-2050.98,-5738.89
-2042.94,-5719.31
-1112.16,4403.04
-1119.81,4376.38
-1085.95,4366.64
-1088.74,4396.09
-1112.16,4403.04
-2307.11,-6591.47
-2395.77,-6494.13
-2542.71,-6284.26
-2614.06,-6235.32
-2667.76,-6215.54
-2591.99,-6242.92
-2540.42,-6281.78
-2421.20,-6454.21
-2307.11,-6591.47
-3308.12,765.00
-3317.63,745.53
-3337.68,750.28
-3342.08,723.51
-3315.66,722.81
-3308.12,765.00
9180.04,-9629.40
9152.71,-9421.13
9185.48,-9414.97
9179.83,-9393.25
9145.15,-9398.60
9180.04,-9629.40
13093.67,7105.33
13007.83,7250.27
13086.44,7273.66
13010.92,7551.89
13066.42,7576.48
13107.95,7451.56
13153.15,7463.51
13217.06,7255.39
13262.99,7237.61
13181.01,7202.56
13202.24,7134.91
13100.01,7095.42
13093.67,7105.33
9688.36,-8814.23
9699.28,-8818.18
9708.79,-8794.72
9728.76,-8801.69
9651.06,-9012.94
9618.73,-8998.17
9688.36,-8814.23
-1245.36,-811.18
-1248.37,-835.93
-1178.29,-840.82
-1179.03,-818.62
-1245.36,-811.18
-3781.16,-5293.38
-3748.90,-5316.83
-3710.06,-5259.51
-3744.71,-5238.07
-3781.16,-5293.38
-2326.54,1560.52
-2260.92,1687.59
-2227.38,1671.26
-2292.35,1550.09
-2326.54,1560.52
6683.36,-9821.63
6744.05,-9859.60
6732.08,-9916.14
6580.32,-9871.79
6621.47,-9803.83
6678.64,-9829.19
6683.36,-9821.63
-1734.75,731.99
-1776.24,739.04
-1750.77,838.85
-1792.54,849.16
-1767.63,937.22
-1692.79,916.62
-1734.75,731.99
-3171.04,-5108.45
-3196.47,-5092.12
-3209.07,-5111.73
-3183.62,-5128.07
-3171.04,-5108.45
1037.57,16199.10
1013.70,16121.85
1033.27,16111.79
1057.87,16192.84
1037.57,16199.10
-2037.36,338.68
-2005.40,332.96
-2014.81,280.34
-2046.77,286.06
-2037.36,338.68
1611.80,2063.21
1537.16,2034.51
1451.28,1972.85
1447.62,2028.60
1474.38,2087.16
1553.49,2150.51
1565.60,2156.14
1611.80,2063.21
-2733.29,6678.13
-2747.96,6651.76
-2787.43,6653.73
-2785.08,6698.79
-2753.54,6696.68
-2759.94,6682.09
-2733.29,6678.13
-1078.26,4377.86
-1080.94,4364.61
-1057.35,4348.46
-1038.52,4382.15
-1063.62,4389.01
-1078.26,4377.86
7748.23,-10392.00
7663.41,-10372.73
7654.19,-10418.91
7680.39,-10425.77
7673.54,-10454.67
7651.21,-10447.81
7645.84,-10476.12
7745.70,-10511.68
7745.98,-10471.03
7720.02,-10464.25
7722.84,-10445.35
7746.82,-10427.57
7748.23,-10392.00
506.11,2706.04
524.35,2702.36
512.10,2658.38
494.01,2656.85
506.11,2706.04
2302.15,2014.55
2306.15,2002.97
2398.03,2033.32
2408.07,2017.58
2465.93,2054.52
2587.34,2092.53
2684.04,2101.23
2706.58,2087.11
2771.50,2086.83
2836.41,2118.88
2832.88,2190.04
2813.87,2193.02
2302.15,2014.55
-38.69,-1512.08
-11.52,-1681.04
-38.69,-1512.08
-5509.77,-3753.80
-5516.18,-3785.91
-5464.06,-3830.82
-5473.94,-3815.75
-5463.81,-3804.83
-5451.38,-3813.77
-5410.66,-3774.95
-5457.81,-3734.70
-5468.20,-3767.58
-5509.77,-3753.80
-3695.03,-5309.17
-3713.63,-5307.07
-3729.30,-5329.53
-3681.92,-5366.16
-3658.88,-5331.44
-3695.03,-5309.17
-1048.35,-6748.76
-1049.40,-6795.83
-1036.66,-6820.90
-1024.84,-6768.08
-1029.05,-6749.64
-1048.35,-6748.76
-1129.06,-6875.33
-1070.64,-6884.43
-1058.87,-6843.47
-1041.73,-6842.47
-1050.43,-6891.55
-1129.06,-6875.33
5078.96,-5299.07
5439.77,-5166.57
5522.37,-5393.31
5210.81,-5507.84
5171.37,-5349.74
5214.60,-5337.67
5202.71,-5294.46
5087.27,-5326.14
5078.96,-5299.07
-2653.38,-7749.66
-2592.92,-7776.25
-2575.55,-7736.04
-2622.19,-7715.74
-2653.38,-7749.66
-1190.78,-7288.22
-1294.88,-7253.36
-1195.70,-7315.99
-1190.78,-7288.22
-3803.76,-4561.53
-3805.05,-4581.52
-3771.45,-4611.51
-3761.48,-4590.12
-3803.76,-4561.53
-1673.92,-6582.25
-1630.90,-6590.07
-1632.50,-6620.93
-1642.35,-6618.90
-1638.58,-6603.69
-1676.24,-6596.31
-1673.92,-6582.25
-3516.08,-1058.88
-3495.25,-894.71
-3481.05,-884.66
-3494.68,-883.10
-3499.82,-899.02
-3516.08,-1058.88
-1979.80,-1749.31
-2368.93,-1581.53
-1979.80,-1749.31
432.97,16456.38
427.34,16398.47
467.41,16388.45
456.59,16452.47
432.97,16456.38
-1102.15,4440.16
-1111.08,4410.35
-1036.31,4389.82
-1027.89,4417.93
-1102.15,4440.16
1073.53,1757.86
1065.37,1634.70
1073.53,1757.86
-3365.94,-4859.76
-3355.62,-4848.69
-3384.33,-4813.28
-3400.99,-4828.70
-3365.94,-4859.76
-10643.10,1266.55
-10638.39,1250.85
-10300.43,1335.92
-10020.15,1315.89
-10012.27,1329.61
-10301.39,1353.10
-10643.10,1266.55
3021.18,5522.42
3036.78,5464.39
3051.92,5462.62
3052.80,5484.56
3082.06,5483.93
3083.82,5460.10
3117.49,5459.35
3111.57,5519.10
3021.18,5522.42
-1861.70,-7411.62
-1897.80,-7448.83
-1884.19,-7465.49
-1837.83,-7431.89
-1861.70,-7411.62
-3350.31,722.36
-3382.76,729.65
-3386.69,714.71
-3348.22,707.74
-3341.74,749.93
-3357.38,758.16
-3370.93,742.63
-3347.18,738.22
-3350.31,722.36
-1685.99,-1818.58
-1663.96,-1700.16
-1685.99,-1818.58
-3654.80,-6451.14
-3629.16,-6467.96
-3613.97,-6447.06
-3637.65,-6429.58
-3654.80,-6451.14
1230.63,2358.57
1242.64,2345.59
1254.39,2358.26
1267.92,2343.24
1265.89,2291.44
1229.98,2292.77
1230.63,2358.57
-9003.36,-1017.63
-9010.86,-977.73
-9075.65,-950.61
-9078.71,-960.72
-9036.80,-977.53
-9039.32,-1003.73
-9023.96,-1005.72
-9024.20,-1021.43
-9003.36,-1017.63
1122.56,16149.68
1094.66,16064.50
1164.18,16033.74
1148.70,16141.90
1122.56,16149.68
-3798.13,-5100.26
-3766.04,-5124.70
-3754.73,-5107.99
-3787.35,-5083.97
-3798.13,-5100.26
-2459.73,-3301.28
-2454.07,-3260.66
-2491.94,-3241.13
-2459.73,-3301.28
-3544.88,-6483.93
-3529.99,-6498.43
-3513.14,-6480.22
-3530.77,-6465.33
-3544.88,-6483.93
-6825.92,789.23
-6857.10,783.05
-6852.10,746.28
-6768.61,741.96
-6765.86,779.02
-6825.92,789.23
-18783.63,1477.60
-18802.61,1172.58
-18710.46,1166.02
-18716.16,1257.88
-18696.35,1409.56
-18776.45,1412.03
-18773.23,1478.77
-18783.63,1477.60
-3435.90,-6868.19
-3395.64,-6898.61
-3341.74,-6808.62
-3384.73,-6788.48
-3435.90,-6868.19
-776.63,1569.02
-829.17,1442.23
-756.16,1450.37
-720.88,1542.62
-776.63,1569.02
-17013.35,2010.16
-16971.69,1999.82
-16924.65,2481.42
-16994.72,2480.56
-17000.28,2363.66
-16968.85,2359.33
-17013.35,2010.16
-1609.24,-7051.31
-1457.06,-7103.49
-1609.24,-7051.31
-4173.26,-5649.28
-4183.06,-5667.76
-4220.97,-5644.03
-4213.19,-5630.97
-4173.26,-5649.28
6946.72,-9688.28
7040.95,-9711.19
7022.92,-9790.74
6926.73,-9768.42
6946.72,-9688.28
-3104.19,191.06
-3186.20,205.86
-3178.00,272.21
-3110.47,325.93
-3084.74,321.14
-3104.19,191.06
-847.49,-2238.26
-1548.12,-1934.45
-847.49,-2238.26
-1247.50,-7405.08
-1306.09,-7473.10
-1247.50,-7405.08
-1066.70,4493.91
-1078.27,4455.35
-1041.42,4444.29
-1029.85,4482.87
-1066.70,4493.91
-6107.83,-5875.54
-6168.49,-6020.55
-6189.48,-6134.02
-6171.83,-6128.57
-6169.14,-6146.23
-6099.58,-6155.64
-6064.15,-6109.10
-6045.29,-6036.07
-5975.33,-5927.15
-6107.83,-5875.54
-1639.40,2130.56
-1645.64,2120.67
-1523.43,1982.33
-1516.55,1988.74
-1639.40,2130.56
8124.85,-9626.36
8106.10,-9625.08
8107.17,-9592.25
8167.57,-9598.45
8170.59,-9570.71
8112.49,-9561.99
8115.78,-9545.85
8081.43,-9537.72
8060.28,-9644.53
8120.74,-9655.23
8124.85,-9626.36
-4508.51,-6003.39
-4522.94,-5996.18
-4504.38,-5955.51
-4491.35,-5963.84
-4508.51,-6003.39
-1731.85,-7697.90
-1743.11,-7719.26
-1767.50,-7695.23
-1750.44,-7682.88
-1731.85,-7697.90
3933.84,6188.11
3891.08,6173.42
3865.69,6125.98
3858.33,5985.01
3875.20,5830.24
3912.06,5881.26
3931.91,5984.24
3947.97,6160.93
3933.84,6188.11
6138.71,12653.57
6182.39,12670.65
6183.11,12734.88
6170.02,12734.79
6165.48,12905.92
6143.16,13061.36
6211.53,13082.57
6177.53,13241.10
6188.54,13258.73
6230.84,13267.42
6246.49,13245.42
6212.87,13183.45
6244.75,12893.19
6362.94,12901.44
6368.74,12655.02
6202.45,12593.34
6145.08,12610.72
6138.71,12653.57
9276.24,-8682.46
9216.76,-8756.03
9198.38,-8851.25
9218.92,-8865.30
9328.16,-8697.61
9328.16,-8688.95
9276.24,-8682.46
-9563.72,1332.43
-9444.65,1339.03
-9563.72,1332.43
-2156.59,817.54
-2081.31,797.36
-2050.35,930.33
-2125.27,948.65
-2156.59,817.54
1011.55,16112.00
989.31,16038.23
1007.98,16028.42
1032.74,16109.78
1011.55,16112.00
-575.60,4990.81
-641.08,4988.14
-656.25,5091.32
-643.20,5092.95
-637.50,5015.76
-576.07,5017.89
-575.60,4990.81
-4266.45,-5818.40
-4199.54,-5869.52
-4121.72,-5751.10
-4225.68,-5713.50
-4259.53,-5776.20
-4247.85,-5786.69
-4266.45,-5818.40
-4417.10,-715.45
-4185.77,-811.78
-4417.10,-715.45
-5558.49,3096.70
-5852.71,3233.59
-5911.02,3115.01
-5613.91,2978.23
-5558.49,3096.70
-557.93,4128.78
-613.07,4049.65
-784.21,4168.85
-729.05,4248.01
-557.93,4128.78
2699.52,-995.15
2734.59,-1003.91
2667.17,-1093.77
2658.38,-1083.35
2699.52,-995.15
83.43,3778.36
86.08,3712.11
41.26,3706.44
40.90,3777.29
83.43,3778.36
-3525.12,-713.42
-3479.93,-721.79
-3493.01,-790.52
-3536.96,-783.15
-3525.12,-713.42
-142.73,4397.67
-100.86,4474.61
-67.19,4398.44
-93.51,4372.55
-142.73,4397.67
5701.11,-9037.48
5683.16,-9030.77
5707.25,-8961.21
5750.99,-8969.62
5709.81,-8954.79
5726.63,-8934.41
5780.21,-8928.85
5788.47,-8911.74
5812.70,-8932.56
5819.30,-8940.51
5792.24,-9013.96
5777.65,-9012.32
5769.64,-9058.93
5701.11,-9037.48
-311.62,-2771.83
-306.67,-2797.49
-256.31,-2791.01
-261.02,-2761.36
-311.62,-2771.83
-2173.92,6664.35
-2155.06,6657.02
-2161.58,6589.87
-2178.26,6540.53
-2204.94,6550.97
-2229.95,6486.56
-2241.30,6490.96
-2173.92,6664.35
-5131.90,3960.23
-5105.94,3947.98
-5112.96,3932.05
-5063.35,3909.32
-5090.01,3841.44
-5121.18,3856.35
-5145.00,3808.74
-5192.97,3828.98
-5131.90,3960.23
505.71,8756.02
492.85,8765.42
510.63,8796.31
501.57,8813.17
374.69,8818.83
342.55,8793.60
-138.18,8743.65
-133.81,8698.12
-52.18,8698.52
-49.87,8682.96
106.98,8701.36
124.30,8604.31
324.62,8642.77
321.75,8666.86
459.22,8672.69
505.71,8756.02
1358.61,2284.57
1360.59,2183.85
1527.15,2230.94
1526.37,2244.95
1358.61,2284.57
421.70,16297.17
431.53,16381.35
450.38,16377.07
421.70,16297.17
1015.67,16205.67
1001.77,16160.82
1021.99,16154.48
1035.86,16199.31
1015.67,16205.67
-1422.11,3564.21
-1384.20,3496.74
-1365.93,3505.90
-1305.30,3422.07
-1289.53,3432.71
-1319.13,3486.58
-1315.94,3527.69
-1360.60,3600.89
-1422.11,3564.21
1723.04,11046.19
1722.44,11034.38
1619.84,11040.77
1723.04,11046.19
2104.46,2026.24
2121.07,1971.91
2709.02,2183.23
2695.18,2197.08
2263.76,2050.63
2146.66,2063.22
2104.46,2026.24
439.89,16502.98
438.31,16481.07
460.81,16468.14
468.24,16494.17
439.89,16502.98
7929.56,-10562.15
7916.41,-10582.43
7939.06,-10589.33
7948.73,-10577.09
7929.56,-10562.15
-3372.49,-231.05
-3360.53,-138.86
-3318.55,-145.02
-3324.21,-182.90
-3277.92,-190.61
-3288.03,-253.17
-3372.49,-231.05
316.65,1298.86
309.69,1263.32
327.77,1259.77
334.75,1295.31
316.65,1298.86
-5958.86,-2455.86
-5891.30,-2445.70
-5847.18,-2371.97
-5825.17,-2357.04
-5765.78,-2358.67
-5815.45,-2363.58
-5847.55,-2387.48
-5857.43,-2429.24
-5822.20,-2472.21
-5958.86,-2455.86
-5532.43,-2196.16
-5545.78,-2384.39
-5536.49,-2386.12
-5520.36,-2196.10
-5532.43,-2196.16
-6817.80,1536.04
-6818.58,1458.80
-6917.91,1485.96
-6905.72,1507.51
-6873.37,1498.61
-6849.33,1542.84
-6817.80,1536.04
15366.78,-2099.83
15321.95,-2100.35
15345.85,-1963.72
15371.64,-1971.85
15366.78,-2099.83
8295.53,-9089.10
8253.01,-9080.31
8233.23,-9214.39
8281.33,-9221.54
8295.53,-9089.10
8461.37,-8497.04
8513.80,-8489.90
8701.35,-8529.56
8714.88,-8545.54
8461.37,-8497.04
-1175.43,2610.70
-1247.28,2454.85
-1226.99,2453.69
-1264.07,2382.43
-1288.13,2378.37
-1301.74,2398.36
-1261.47,2496.56
-1212.80,2584.34
-1235.10,2529.87
-1222.65,2526.40
-1154.28,2669.50
-987.98,2945.85
-1175.43,2610.70
-6431.77,837.99
-6418.42,838.78
-6419.94,828.19
-6443.46,831.28
-6448.34,810.82
-6456.94,860.57
-6431.77,837.99
-3550.08,-343.89
-3539.85,-288.15
-3446.87,-304.62
-3414.59,-283.76
-3334.88,-288.91
-3348.12,-375.98
-3550.08,-343.89
9467.09,-9719.00
9477.86,-9788.49
9467.09,-9719.00
-3075.17,7647.53
-3074.41,7603.97
-3010.95,7604.72
-3007.90,7585.62
-2938.31,7597.85
-2939.85,7625.36
-2858.81,7648.29
-2867.44,7689.32
-3075.17,7647.53
9004.16,-9114.35
9069.60,-9083.65
9075.05,-9063.05
9028.24,-9059.17
9004.16,-9114.35
8656.72,1093.01
8661.79,1046.08
8718.43,1052.02
8714.80,1099.67
8656.72,1093.01
5692.11,-9168.30
5728.84,-9182.73
5740.10,-9153.18
5729.09,-9140.36
5738.93,-9142.10
5766.23,-9069.06
5681.79,-9034.13
5660.69,-9103.04
5668.62,-9120.51
5658.15,-9106.85
5648.15,-9149.87
5692.11,-9168.30
-1675.70,2169.46
-1682.99,2160.48
-1648.52,2123.92
-1642.78,2133.81
-1675.70,2169.46
3603.82,-7312.19
3427.12,-7315.50
3431.23,-7210.58
3358.41,-7208.09
3361.35,-7130.41
3631.35,-7124.31
3630.94,-6887.47
3672.12,-6887.47
3679.93,-6831.17
4020.15,-6941.65
3952.13,-7216.60
3760.50,-7212.51
3760.50,-7226.40
3648.95,-7225.59
3643.54,-7273.80
3603.48,-7274.14
3603.82,-7312.19
1586.57,2725.01
1621.35,2713.60
1610.89,2699.60
1583.99,2704.63
1586.57,2725.01
986.88,16029.59
963.56,15951.86
983.47,15945.60
1008.05,16026.66
986.88,16029.59
-3553.86,886.15
-3589.42,895.80
-3606.65,827.99
-3567.78,824.00
-3553.86,886.15
2712.23,2850.14
2649.75,2860.13
2653.82,2893.95
2716.26,2883.12
2712.23,2850.14