-3408.40,-1111.24
-3198.41,336.21
-3927.44,469.89
-4154.15,-801.89
-3408.40,-1111.24
-2682.94,245.33
-3100.96,322.04
-3147.93,304.14
-3176.12,267.93
-3368.19,-1068.10
-3346.42,-1115.83
-3312.63,-1148.86
-3082.42,-1248.95
-3034.11,-949.60
-2835.93,-982.63
-2647.71,238.87
-2682.94,245.33
-1829.98,-1790.83
-2516.42,-1496.17
-2319.63,-971.82
-1553.64,-1001.97
-1620.82,-1329.50
-1703.39,-1845.39
-1829.98,-1790.83
-2046.26,-2448.61
-2083.77,-2465.36
-2040.29,-2553.10
-2201.69,-2654.54
-2280.49,-2733.36
-2150.44,-2938.42
-2286.56,-3011.24
-2038.18,-3492.51
-1974.08,-3446.39
-1944.86,-3491.34
-1869.98,-3433.76
-1854.12,-3447.23
-1783.04,-3405.50
-1825.44,-3357.42
-1627.31,-3265.44
-1632.78,-3230.46
-1590.93,-3220.85
-1679.17,-2811.33
-1607.82,-2747.79
-1746.85,-2617.66
-1859.77,-2458.54
-2004.28,-2534.81
-2046.26,-2448.61
-2331.56,-882.61
-2175.95,150.18
-2607.23,231.48
-2773.15,-807.74
-2331.56,-882.61
-4819.85,2098.93
-4789.19,2084.91
-4782.53,2045.06
-4276.80,1598.05
-4040.90,2208.85
-4853.63,2587.68
-5027.62,2261.06
-4837.68,2093.49
-4819.85,2098.93
-661.06,7230.17
-614.94,7269.88
-501.99,7410.41
-489.52,7403.29
-374.70,7653.18
-424.86,7653.39
-430.60,7689.10
-426.24,7733.88
-393.50,7735.75
-390.99,7772.17
-405.98,7787.25
-402.44,7904.46
-422.53,8022.29
-825.05,7959.27
-823.06,8051.58
-1032.71,8026.79
-1020.41,7967.39
-1024.71,7893.45
-1009.30,7893.32
-994.79,7778.85
-1081.17,7514.51
-1074.83,7416.90
-1054.02,7376.73
-974.10,7305.30
-975.48,7288.90
-843.63,7210.92
-741.16,7196.12
-661.06,7230.17
-2737.13,1784.74
-2518.77,2187.95
-2536.00,2197.97
-2460.20,2339.13
-2513.19,2365.20
-2462.80,2456.77
-3007.32,2711.63
-3137.25,1909.93
-2859.69,1775.93
-2832.40,1833.21
-2737.13,1784.74
-1161.11,1512.40
-1135.43,1487.85
-1187.30,1376.14
-1154.13,1358.85
-1210.94,1231.69
-1174.11,1209.56
-970.29,1164.39
-1017.08,1080.88
-1058.85,1089.16
-1130.61,938.11
-1074.35,795.18
-1079.77,780.74
-1031.20,789.82
-1031.08,768.02
-1015.31,769.04
-1020.19,755.53
-1115.22,760.41
-1152.89,885.62
-1239.58,1019.63
-1478.26,1212.65
-1500.15,1216.84
-1480.75,1178.11
-1416.49,1120.25
-1426.28,1098.67
-1548.81,1155.10
-1544.99,1164.95
-1900.29,1250.86
-1889.30,1289.83
-2003.03,1316.37
-1992.56,1396.95
-1945.98,1397.89
-1902.72,1377.45
-1880.27,1412.21
-1798.99,1432.67
-1765.78,1476.16
-1591.23,1558.18
-1449.05,1581.70
-1292.63,1573.17
-1236.56,1679.22
-1191.27,1656.32
-1201.49,1626.69
-1187.62,1654.21
-1161.57,1640.27
-1147.68,1665.99
-1160.88,1639.68
-1124.48,1634.11
-1085.93,1708.11
-1120.34,1631.74
-1068.53,1600.40
-1059.67,1613.13
-1021.26,1590.56
-1028.47,1575.94
-1011.37,1566.76
-1048.73,1488.06
-1152.78,1533.42
-1161.11,1512.40
-1209.37,6617.96
-1231.96,6516.37
-1137.11,6508.36
-1127.58,6567.80
-1075.85,6559.32
-1063.71,6556.75
-1069.73,6515.82
-1052.57,6513.98
-1051.81,6479.55
-995.18,6474.86
-991.61,6573.18
-959.88,6567.92
-959.36,6629.12
-883.83,6627.59
-844.44,7019.73
-720.93,7001.62
-489.52,7403.29
-501.99,7410.41
-614.94,7269.88
-661.06,7230.17
-741.16,7196.12
-843.63,7210.92
-1023.25,7325.21
-1021.38,7264.90
-1186.29,7266.74
-1188.43,7099.94
-1239.92,7102.71
-1274.81,6646.63
-1212.47,6634.32
-1209.37,6617.96
-603.47,6804.91
-667.53,6807.78
-668.45,6777.11
-660.90,6796.19
-643.28,6786.39
-669.57,6734.22
-670.47,6685.85
-766.86,6515.65
-797.00,6517.60
-795.98,6463.55
-855.67,6358.96
-868.42,6664.67
-881.28,6665.35
-864.34,6752.69
-489.52,7403.29
-211.35,7982.70
-169.37,7997.21
-160.29,7992.90
-134.09,7687.23
-152.36,7689.87
-145.37,7634.28
-129.02,7632.66
-436.34,7113.46
-603.47,6804.91
1249.07,3950.26
1112.52,3949.73
1125.78,4125.96
769.28,4137.79
777.61,4061.52
671.14,3670.76
723.00,3657.17
686.03,3570.05
707.65,3567.02
703.36,3524.43
733.49,3515.15
729.50,3499.98
779.70,3489.75
768.97,3452.68
887.31,3430.42
890.48,3454.85
949.19,3446.13
970.05,3586.57
1093.92,3574.99
1116.38,3670.04
1133.22,3694.78
1159.33,3692.00
1163.52,3715.33
1292.30,3702.44
1295.49,3737.12
1314.54,3742.36
1291.89,3857.15
1249.07,3950.26
33.36,-1948.26
50.50,-2047.61
-269.74,-2030.43
-313.34,-1059.73
-327.63,-1026.67
-55.90,-1040.61
-34.00,-1099.26
-34.87,-1423.49
-1.00,-1564.03
33.36,-1948.26
-3458.91,2092.30
-3660.15,2189.04
-3696.21,2091.57
-3159.88,1841.88
-3016.78,2715.99
-3271.04,2834.77
-3316.40,2739.39
-3179.76,2677.71
-3282.13,2460.38
-3461.08,2540.08
-3451.45,2560.99
-3480.01,2575.08
-3474.48,2594.35
-3494.74,2601.88
-3504.63,2576.82
-3504.69,2566.61
-3297.91,2436.80
-3458.91,2092.30
539.58,-3437.47
517.26,-3540.60
506.81,-3538.70
607.38,-3095.42
622.63,-3096.34
637.54,-2986.19
856.58,-3011.49
863.52,-2990.43
1035.82,-3061.27
964.12,-3453.01
938.36,-3680.25
601.37,-3604.49
629.11,-3452.38
539.58,-3437.47
1451.07,11071.42
1800.23,11118.80
1727.29,11372.83
1698.69,11457.45
1677.19,11456.60
1658.48,11540.44
1687.56,11569.07
1689.04,11605.58
1646.56,11794.32
1667.38,11844.12
1565.37,11843.05
1562.49,11855.00
1492.38,11858.75
1318.80,11825.37
1451.07,11071.42
1065.71,-3073.16
982.97,-3495.65
1544.49,-3654.24
1645.56,-3533.66
1596.52,-3406.82
1640.88,-3322.05
1065.71,-3073.16
-7188.61,887.51
-7211.07,1036.46
-7219.22,1026.12
-7416.26,1021.78
-7427.96,1030.25
-7431.89,1021.50
-7636.08,1014.33
-7639.42,959.12
-7603.98,736.49
-7550.76,520.44
-7490.92,404.23
-7138.47,513.49
-7144.36,551.59
-7134.60,556.52
-7145.01,563.71
-7188.61,887.51
-566.87,-1372.45
-872.54,-1358.35
-904.99,-999.60
-571.50,-1017.15
-566.87,-1372.45
-2687.03,4195.55
-2794.13,4270.48
-2807.65,4264.49
-2745.24,4442.29
-2405.55,4277.75
-2360.58,4354.08
-2377.10,4360.86
-2299.09,4549.73
-2330.75,4563.00
-2311.26,4611.96
-2295.53,4605.37
-2282.71,4674.20
-2308.17,4681.59
-2303.51,4690.31
-2270.65,4680.48
-2280.25,4637.50
-2082.96,4557.05
-2017.82,4517.43
-2154.41,4357.49
-2132.71,4340.80
-2143.78,4325.99
-2425.12,4010.05
-2687.03,4195.55
-3967.48,2215.67
-3746.96,2112.73
-3727.51,2119.56
-3456.17,2810.74
-3537.93,2842.15
-3550.16,2816.27
-3623.66,2860.44
-3622.35,2877.90
-3693.39,2915.52
-3967.48,2215.67
-4667.71,642.14
-4786.23,-154.18
-4795.33,-533.21
-4730.60,-538.84
-4655.04,-503.39
-4541.28,295.44
-4559.76,496.05
-4545.60,600.92
-4667.71,642.14
-2103.26,690.40
-2358.85,708.31
-2392.42,720.28
-2564.81,717.11
-2580.55,625.50
-2536.99,625.15
-2574.69,400.21
-2442.46,391.68
-2443.62,233.51
-2173.05,187.98
-2103.26,690.40
-4354.48,3849.00
-4249.82,3801.38
-4279.24,3743.73
-4544.31,3864.84
-4512.30,3930.12
-4354.48,3849.00
-5839.48,1401.78
-5867.84,1406.13
-5976.60,933.97
-5882.06,923.13
-5625.68,858.48
-5621.17,867.91
-5672.96,881.48
-5671.46,1045.13
-5500.36,1062.73
-5469.79,1303.60
-5526.52,1313.73
-5522.39,1330.33
-5535.33,1314.95
-5654.61,1338.80
-5839.48,1401.78
-783.11,5983.94
-813.81,6001.30
-814.22,6018.80
-842.70,6016.56
-959.42,6087.95
-791.40,6403.84
-739.73,6405.13
-737.42,6499.87
-736.97,6430.96
-678.18,6429.00
-700.20,5976.26
-690.57,5975.82
-676.59,6215.17
-640.58,6208.91
-623.65,6388.51
-508.44,6375.94
-587.48,5873.67
-783.11,5983.94
-4875.15,5722.78
-4741.20,5946.29
-4690.76,5933.21
-4706.40,5894.72
-4668.82,5878.41
-4687.41,5765.96
-4601.48,5755.94
-4592.34,5894.20
-4572.36,5945.72
-4537.56,5930.78
-4463.18,6112.41
-4368.25,6076.53
-4370.14,6053.94
-4364.99,6075.81
-4232.93,6021.96
-4234.63,5995.43
-4591.99,5593.24
-4875.15,5722.78
-374.70,7653.18
-424.86,7653.39
-430.60,7689.10
-426.24,7733.88
-393.50,7735.75
-390.99,7772.17
-405.98,7787.25
-402.44,7904.46
-422.53,8022.29
-825.05,7959.27
-823.06,8051.58
-758.28,8058.14
-743.80,8084.43
-589.32,8216.37
-475.07,8268.63
-245.19,8148.88
-179.52,8160.52
-179.01,8188.28
-175.51,8152.99
-240.88,8142.20
-211.47,8057.40
-230.88,8063.92
-250.06,8014.11
-211.35,7982.70
-374.70,7653.18
-1284.18,7631.20
-1293.70,7578.50
-1419.56,7572.85
-1423.16,7331.70
-1319.05,7324.57
-1128.45,7337.40
-1107.81,7383.45
-1115.53,7413.62
-1107.00,7443.04
-994.79,7778.85
-1009.30,7893.32
-1268.40,7875.82
-1263.09,7782.03
-1189.92,7778.32
-1172.41,7678.87
-1218.55,7668.62
-1214.33,7637.64
-1284.18,7631.20
5153.96,-8270.71
5193.89,-8291.45
5092.08,-8665.93
4774.48,-8576.87
4803.15,-8373.02
4875.67,-8191.21
5153.96,-8270.71
-1030.81,5999.33
-1053.63,6000.47
-1053.31,6020.80
-1122.88,6028.26
-1129.41,5977.95
-1164.57,5979.82
-1158.17,6072.92
-1195.58,6076.01
-1198.37,6022.55
-1236.90,6029.89
-1192.07,6374.25
-1145.32,6373.23
-1142.52,6419.10
-993.88,6424.56
-991.61,6573.18
-959.88,6567.92
-959.36,6629.12
-883.83,6627.59
-867.23,6622.50
-855.67,6358.96
-950.25,6199.27
-1030.81,5999.33
-527.94,-2180.85
-778.49,-2156.59
-768.28,-2248.32
-737.53,-2260.75
-732.41,-2246.33
-719.50,-2252.02
-724.75,-2265.82
-686.89,-2282.82
-679.12,-2266.69
-645.24,-2281.58
-651.75,-2298.16
-221.91,-2477.03
-162.81,-2468.05
-106.75,-2439.83
-79.79,-2359.12
-91.53,-2355.17
-74.88,-2306.53
-63.14,-2310.63
-35.18,-2225.31
-527.94,-2180.85
50.50,-2047.61
-794.58,-2000.97
-779.21,-2149.59
62.77,-2214.41
66.79,-2151.53
50.50,-2047.61
2428.15,-2440.61
2233.82,-2296.71
2217.79,-2820.90
2534.18,-2830.27
2543.36,-2523.02
2428.15,-2440.61
81.91,-43.98
-87.53,-13.16
-101.13,-63.03
-162.46,-51.18
-116.31,485.37
-41.51,480.48
-50.35,258.29
-25.82,255.09
14.08,502.62
11.03,572.24
109.45,559.54
91.14,426.99
148.92,415.68
81.91,-43.98
33.18,-2868.29
-173.71,-2865.32
-182.56,-2815.00
-230.25,-2814.95
-242.25,-2778.68
-144.99,-2775.92
-146.08,-2644.12
-101.19,-2643.28
-100.96,-2577.20
210.81,-2713.66
205.44,-2753.07
231.97,-2752.62
233.69,-2738.18
432.66,-2817.00
427.18,-2863.57
305.21,-2855.74
300.07,-2955.97
225.30,-2954.73
225.03,-2841.90
194.85,-2836.93
201.50,-2919.14
128.21,-2912.01
125.22,-3038.00
111.72,-3030.88
113.07,-2945.96
77.94,-2934.67
77.49,-2869.21
33.18,-2868.29
-5728.41,3685.80
-5673.05,3798.47
-6120.47,3990.16
-6228.62,3742.49
-6229.31,3729.46
-6087.64,3696.17
-5834.78,3592.34
-5820.62,3639.99
-5903.35,3658.56
-5859.30,3742.71
-5728.41,3685.80
1177.25,11036.34
1039.38,11762.84
882.53,11718.48
994.49,11129.35
1162.94,11033.98
1177.25,11036.34
473.79,496.98
375.42,62.66
567.56,23.21
564.16,9.16
619.93,-5.02
717.26,296.50
654.50,310.86
695.24,449.33
655.76,458.48
648.20,437.17
634.25,433.11
613.33,442.11
619.23,465.37
583.14,474.03
554.65,393.05
514.94,401.60
544.49,483.20
534.83,485.52
523.30,449.16
514.20,450.86
504.87,456.70
513.02,490.69
473.79,496.98
-4750.61,2857.05
-4929.36,3017.62
-4919.20,3053.62
-4946.97,3018.97
-4985.31,3003.94
-5105.74,3029.78
-5214.25,2792.09
-4865.73,2639.93
-4750.61,2857.05
-2002.58,-970.22
-1812.12,-975.76
-1809.56,-947.61
-1770.47,-950.81
-1669.39,-350.82
-1827.09,-338.81
-1935.09,-944.64
-2024.44,-943.03
-2028.08,-975.67
-2002.58,-970.22
-6269.02,-4514.82
-6446.01,-4357.07
-6217.12,-4180.99
-6211.44,-4187.03
-6148.89,-4119.44
-5958.68,-4255.45
-5971.65,-4266.70
-5954.35,-4285.45
-6231.31,-4543.05
-6269.02,-4514.82
-5238.14,3774.05
-5162.83,3934.39
-5305.57,3999.62
-5240.30,4144.80
-5432.14,4230.59
-5571.56,3924.23
-5238.14,3774.05
-3906.99,3768.51
-3917.04,3719.81
-4066.35,3735.96
-4075.88,3876.72
-4170.69,3870.60
-4249.25,3728.84
-3567.22,3416.46
-3536.94,3492.58
-3606.46,3559.39
-3700.35,3612.60
-3906.99,3768.51
2037.26,11682.59
2160.44,11708.97
2163.74,11659.12
2262.26,11832.53
2175.51,11878.39
2099.25,11876.21
2096.23,11938.77
1943.50,11926.96
1942.05,11866.83
1761.05,11846.41
1780.95,11625.81
2037.26,11682.59
-5391.26,3817.10
-5563.89,3896.75
-5798.54,3377.82
-5606.01,3287.98
-5589.41,3326.45
-5617.94,3339.07
-5610.61,3355.28
-5626.00,3399.90
-5609.16,3477.11
-5551.34,3518.11
-5534.25,3508.92
-5540.12,3550.46
-5529.39,3551.21
-5530.49,3578.26
-5490.23,3647.06
-5507.71,3667.10
-5504.44,3686.78
-5497.39,3697.21
-5457.24,3675.31
-5391.26,3817.10
-6447.08,-316.24
-6520.08,-516.37
-6881.75,-486.39
-6831.57,-295.50
-6789.52,-271.81
-6635.99,-281.13
-6642.88,-267.64
-6616.74,-190.30
-6524.58,-218.95
-6532.42,-248.20
-6516.16,-252.53
-6508.02,-223.55
-6484.02,-213.33
-6444.71,-236.40
-6453.99,-259.73
-6475.04,-253.28
-6477.95,-263.47
-6457.78,-269.24
-6469.48,-306.93
-6441.12,-300.99
-6447.08,-316.24
-3512.86,1742.34
-3408.27,1721.32
-3419.00,1686.51
-3809.54,1788.53
-3753.89,1947.13
-3496.34,1810.12
-3512.86,1742.34
6571.83,-9025.87
6531.84,-9015.17
6479.24,-8680.63
6486.28,-8608.49
6549.86,-8612.75
6575.58,-8648.98
6777.40,-8694.06
6772.60,-8712.50
6752.50,-8703.57
6747.97,-8728.04
6765.81,-8738.46
6742.61,-8802.63
6732.10,-9068.28
6686.08,-9055.66
6680.19,-9104.87
6680.90,-9055.00
6571.83,-9025.87
-6369.94,2678.19
-6400.58,2674.03
-6670.46,2816.90
-6548.60,3026.43
-6279.54,2947.51
-6293.79,2894.51
-6236.51,2883.23
-6251.59,2845.97
-6226.58,2832.37
-6247.10,2834.21
-6262.48,2818.00
-6244.39,2813.89
-6369.94,2678.19
-3542.68,2480.16
-3660.15,2189.04
-3458.91,2092.30
-3297.91,2436.80
-3504.69,2566.61
-3542.68,2480.16
2828.04,-2675.92
2837.03,-2674.47
2839.50,-2640.31
2872.96,-2639.53
2952.48,-2601.36
2929.99,-2540.67
2995.68,-2514.08
2904.19,-2245.36
2690.64,-2305.38
2727.83,-2622.62
2806.79,-2679.17
2828.04,-2675.92
-4622.75,8185.37
-4608.50,8206.43
-4694.04,8169.00
-4736.85,8279.81
-4793.94,8333.30
-4863.19,8379.77
-4968.59,8412.31
-4950.88,8373.11
-4902.44,8357.68
-4889.50,8334.12
-4936.07,8211.60
-4933.57,8134.58
-4967.73,8104.67
-4872.04,8022.32
-4822.37,8059.61
-4801.32,8034.91
-4826.12,8018.09
-4749.15,7979.98
-4719.20,7950.32
-4642.47,8019.13
-4612.40,8088.45
-4629.80,8150.96
-4622.75,8185.37
1492.38,11858.75
1437.57,12149.77
1136.63,12099.59
1152.86,12023.72
1246.60,11788.69
1318.80,11825.37
1492.38,11858.75
1994.52,8790.47
1677.70,8729.41
1692.06,8485.66
2054.75,8594.53
2056.93,8797.83
1994.52,8790.47
-5459.38,5061.91
-5508.69,5006.83
-5164.38,4819.00
-5125.22,4876.97
-5178.34,4901.66
-5153.01,4948.81
-5098.78,4914.82
-5055.68,4976.38
-5116.77,5007.54
-5103.20,5050.31
-5330.07,5187.93
-5362.91,5175.74
-5459.38,5061.91
-7155.94,487.33
-7458.45,388.58
-7375.34,245.64
-7254.08,115.01
-7102.71,187.78
-7141.04,483.15
-7155.94,487.33
1341.87,11072.19
1213.60,11772.28
1099.58,11729.50
1228.09,11051.01
1341.87,11072.19
7752.70,-9723.33
7767.99,-9807.36
7578.62,-9782.61
7616.73,-9528.56
7664.31,-9346.20
7854.96,-9398.00
7798.12,-9667.61
7750.08,-9660.36
7752.70,-9723.33
1341.87,11072.19
1451.07,11071.42
1318.80,11825.37
1213.60,11772.28
1341.87,11072.19
967.64,11269.41
882.53,11718.48
817.88,11694.39
807.53,11714.03
707.71,11686.39
791.16,11246.82
967.64,11269.41
-5091.40,2270.48
-5212.86,2046.02
-5423.13,2260.58
-5418.28,2293.68
-5432.98,2327.71
-5350.84,2502.92
-5091.40,2270.48
-7378.43,1136.64
-7358.59,1098.74
-7320.66,1074.12
-7276.67,1079.11
-7234.73,1111.65
-7115.18,1542.74
-7129.61,1584.58
-7168.02,1613.31
-7216.10,1613.83
-7264.19,1583.47
-7378.43,1136.64
-6071.64,3683.36
-6233.46,3720.96
-6283.16,3590.88
-6257.85,3569.32
-5921.16,3434.26
-5872.36,3451.66
-5826.70,3436.08
-5778.96,3563.73
-6071.64,3683.36
-6838.26,478.50
-6878.34,480.80
-6879.60,492.65
-6938.75,480.47
-7103.73,496.96
-7098.25,452.84
-7086.15,466.35
-6931.31,452.29
-6932.75,273.16
-7079.75,277.39
-7084.23,247.72
-6930.99,245.12
-6919.80,136.72
-7043.40,7.67
-7004.88,-33.48
-6868.15,115.96
-6857.93,144.96
-6866.33,244.53
-6789.78,232.93
-6821.09,-14.07
-6791.72,106.66
-6701.73,85.31
-6791.33,109.14
-6786.60,147.98
-6683.37,143.94
-6731.88,148.42
-6731.57,163.91
-6733.61,148.18
-6786.47,150.92
-6774.68,237.85
-6590.99,222.88
-6636.42,-13.66
-6675.63,-118.37
-6702.35,-127.20
-6648.88,-129.18
-6587.92,75.28
-6510.67,458.81
-6734.61,471.70
-6740.01,504.92
-6774.57,474.57
-6838.26,478.50
-5403.76,2544.07
-5488.67,2354.42
-5503.63,2352.42
-5756.49,2626.98
-5683.49,2782.70
-5616.57,2732.49
-5602.11,2762.44
-5563.53,2729.68
-5592.47,2711.09
-5403.76,2544.07
-3709.62,2050.49
-3750.54,1945.19
-3496.34,1810.12
-3499.82,1795.38
-3183.86,1725.18
-3163.27,1801.68
-3709.62,2050.49
-773.29,2283.21
-884.44,2036.87
-934.63,2058.86
-924.12,2084.35
-933.51,2064.23
-992.67,2093.89
-952.91,2171.79
-1017.30,2207.13
-931.64,2387.74
-869.32,2352.62
-725.10,2649.66
-668.77,2625.25
-820.98,2307.96
-773.29,2283.21
-872.61,-1797.64
-902.26,-1516.52
-1078.14,-1519.10
-1069.92,-1854.35
-868.41,-1856.93
-872.61,-1797.64
-5496.51,-3817.65
-5550.79,-3792.60
-5593.95,-3795.29
-5666.77,-3719.37
-5703.36,-3703.14
-5575.75,-3551.74
-5358.18,-3630.57
-5349.67,-3648.95
-5302.16,-3672.17
-5450.71,-3813.95
-5463.35,-3805.93
-5473.72,-3815.23
-5463.34,-3823.30
-5474.49,-3833.95
-5496.51,-3817.65
-868.41,-1856.93
-1069.92,-1854.35
-1065.84,-2117.97
-869.16,-2193.01
-853.98,-2176.21
-856.21,-2156.16
-879.34,-2146.35
-883.38,-2102.91
-862.89,-2100.79
-868.41,-1856.93
-1250.89,-1851.60
-1069.92,-1854.35
-1078.14,-1519.10
-1255.12,-1511.36
-1250.89,-1851.60
-3430.26,2764.09
-3494.74,2601.88
-3474.48,2594.35
-3480.01,2575.08
-3451.45,2560.99
-3461.08,2540.08
-3282.13,2460.38
-3179.76,2677.71
-3420.02,2785.50
-3430.26,2764.09
1692.06,8485.66
1700.98,8361.48
1727.33,8366.02
1735.67,8328.77
1805.24,8348.21
2059.35,8438.60
2054.75,8594.53
1692.06,8485.66
-2886.09,-1325.79
-2841.72,-1022.12
-3041.12,-992.85
-3082.42,-1248.95
-2886.09,-1325.79
-7607.45,1453.24
-7622.72,1178.69
-7415.72,1154.74
-7364.17,1369.51
-7607.45,1453.24
-2208.16,4745.86
-2285.79,4772.77
-2304.02,4690.62
-2270.65,4680.48
-2280.25,4637.50
-2082.96,4557.05
-2017.82,4517.43
-1952.69,4651.84
-1973.04,4661.80
-1952.06,4709.43
-2120.52,4781.29
-2187.08,4796.57
-2192.43,4740.74
-2208.16,4745.86
791.16,11246.82
707.71,11686.39
561.30,11649.72
615.32,11348.54
791.16,11246.82
1131.01,10459.22
1128.90,10471.20
1086.71,10461.30
1074.56,10507.51
1339.52,10561.92
1360.83,10571.68
1362.67,10647.47
1405.04,10655.58
1397.32,10648.20
1412.65,10573.80
1462.01,10545.97
1445.95,10516.80
1494.72,10484.22
1451.57,10408.56
1355.15,10474.04
1369.94,10405.33
1190.54,10344.49
1189.95,10384.83
1150.38,10372.82
1131.01,10459.22
-468.92,3691.09
-491.24,3698.95
-500.79,3651.12
-519.37,3655.24
-648.52,3375.06
-589.79,3361.64
-583.76,3372.99
-504.70,3333.85
-347.38,3619.11
-361.66,3677.96
-468.92,3691.09
-7307.66,-297.58
-7447.91,-180.63
-7625.86,-380.46
-7450.84,-518.05
-7307.66,-297.58
2423.54,11803.91
2412.71,12031.21
2535.47,12244.14
2584.16,12157.00
2638.30,12162.13
2639.70,12152.64
2590.00,12147.23
2599.33,12047.30
2651.40,12053.89
2648.50,12021.93
2557.99,12011.29
2573.68,11823.91
2423.54,11803.91
-3776.22,-4468.90
-3814.20,-4422.45
-3802.50,-4412.74
-3818.11,-4395.03
-3848.43,-4417.93
-3818.00,-4389.18
-3849.40,-4351.70
-3800.75,-4406.00
-3744.78,-4360.74
-3792.89,-4306.24
-3758.02,-4341.01
-3733.47,-4319.93
-3762.90,-4283.43
-3729.67,-4317.24
-3717.80,-4307.26
-3747.73,-4270.76
-3682.66,-4218.23
-3556.26,-4299.55
-3536.64,-4334.24
-3485.52,-4309.71
-3458.31,-4371.72
-3737.37,-4511.31
-3776.22,-4468.90
-7833.00,-190.61
-7846.68,-156.28
-7895.25,-166.22
-7890.90,-254.49
-7996.28,-290.56
-7932.65,-442.36
-7884.09,-427.92
-7845.75,-485.81
-7765.09,-539.09
-7697.01,-419.54
-7770.10,-336.74
-7833.00,-190.61
-8332.79,178.96
-8384.04,152.47
-8414.88,181.94
-8427.42,179.95
-8452.21,238.95
-8412.75,252.94
-8442.26,316.08
-8204.17,407.26
-8160.86,328.54
-8093.03,256.98
-8222.84,188.36
-8230.03,198.12
-8332.79,178.96
-3103.90,322.12
-3198.41,336.21
-3408.40,-1111.24
-3265.24,-1170.13
-3331.29,-1134.64
-3368.23,-1064.34
-3176.12,267.93
-3147.93,304.14
-3103.90,322.12
-5797.55,2193.89
-5604.92,2362.30
-5740.29,2514.50
-5928.43,2341.25
-5797.55,2193.89
-5028.18,2379.10
-4905.41,2612.67
-5088.62,2698.78
-5199.32,2456.15
-5028.18,2379.10
-1518.62,4737.64
-1556.99,4744.29
-1583.40,4587.19
-1673.64,4606.99
-1742.83,4479.90
-1670.22,4450.63
-1695.13,4378.87
-1688.72,4369.94
-1602.46,4351.48
-1527.84,4562.11
-1483.37,4550.33
-1435.02,4731.81
-1518.62,4737.64
889.39,11721.02
749.71,12041.80
606.49,11974.09
666.60,11857.58
721.31,11689.86
807.53,11714.03
817.88,11694.39
889.39,11721.02
-1252.29,-1748.09
-1400.89,-1725.33
-1460.88,-1961.37
-1248.17,-2054.22
-1252.29,-1748.09
-4973.37,328.56
-4747.64,290.40
-4715.95,481.29
-4926.76,546.52
-4949.20,460.52
-4980.75,467.55
-4997.44,400.56
-4967.90,391.51
-4973.37,328.56
-1662.45,-1815.74
-1649.26,-1851.74
-1633.43,-1841.45
-1611.12,-1884.30
-1457.86,-1949.26
-1400.05,-1722.24
-1638.12,-1664.04
-1662.45,-1815.74
964.47,9490.77
1045.67,9636.02
1045.04,9700.51
852.29,9360.94
694.21,9440.85
551.39,9428.55
812.61,9290.69
585.18,8890.44
619.89,8887.49
964.47,9490.77
-6419.38,146.59
-6563.15,186.85
-6648.88,-129.18
-6626.32,-164.11
-6515.76,-202.74
-6488.97,-190.16
-6528.81,-161.77
-6419.38,146.59
-7588.40,1524.83
-7605.27,1474.04
-7365.73,1390.14
-7320.19,1553.57
-7394.79,1589.67
-7381.87,1617.67
-7447.02,1646.41
-7454.33,1626.22
-7543.28,1658.14
-7588.40,1524.83
-7816.10,-35.55
-7594.51,68.22
-7706.26,226.16
-7913.91,163.82
-7816.10,-35.55
-3577.38,-5906.07
-3619.66,-5865.91
-3541.26,-5783.90
-3565.29,-5757.71
-3487.82,-5684.02
-3541.71,-5651.60
-3562.15,-5671.66
-3574.08,-5649.10
-3495.51,-5621.35
-3403.63,-5607.97
-3362.34,-5667.59
-3379.57,-5644.97
-3402.38,-5663.47
-3376.00,-5697.03
-3422.72,-5723.97
-3362.37,-5761.02
-3406.01,-5815.35
-3372.56,-5842.52
-3413.01,-5897.08
-3444.51,-5872.64
-3488.61,-5934.28
-3520.48,-5909.63
-3546.35,-5935.77
-3577.38,-5906.07
-6876.63,-599.30
-7041.86,-604.48
-7119.29,-638.46
-7100.33,-829.48
-6914.45,-804.62
-6870.21,-676.83
-6876.63,-599.30
-4699.38,-6392.65
-4762.75,-6376.77
-4772.11,-6354.65
-4661.28,-6236.79
-4537.37,-6299.76
-4567.40,-6347.17
-4515.47,-6379.49
-4464.32,-6296.28
-4397.30,-6333.00
-4419.37,-6377.84
-4479.68,-6424.48
-4527.62,-6506.19
-4680.80,-6416.12
-4699.38,-6392.65
1452.23,10866.99
1172.93,11028.38
1306.92,11058.65
1537.73,11067.28
1543.38,10881.42
1452.23,10866.99
772.02,-1568.34
760.16,-1587.99
630.57,-1491.16
776.71,-1238.45
903.31,-1332.75
772.02,-1568.34
-6147.31,528.04
-6319.72,539.32
-6298.02,784.85
-6162.88,753.64
-6158.70,765.42
-6091.08,742.60
-6147.31,528.04
-6245.04,1807.23
-6509.58,1991.36
-6586.07,1870.34
-6271.84,1689.63
-6245.04,1807.23
-6935.81,2020.62
-7017.42,2120.77
-7180.41,1988.88
-7044.91,1827.77
-7017.72,1846.89
-7003.51,1831.61
-6883.35,1954.79
-6935.81,2020.62
-788.25,2927.92
-832.32,2946.04
-1041.60,2546.24
-1211.07,2206.39
-1166.45,2181.11
-983.15,2551.82
-820.99,2833.75
-788.25,2927.92
-3647.45,3597.91
-3884.85,3763.02
-3906.85,3825.03
-3865.84,3899.10
-3842.08,3897.56
-3593.25,3756.75
-3627.03,3716.74
-3647.45,3597.91
-2773.15,-807.74
-2790.35,-928.20
-2359.86,-963.03
-2331.56,-882.61
-2773.15,-807.74
3607.45,-8930.46
3522.20,-8903.76
3459.26,-8899.45
3435.08,-8616.98
3535.42,-8646.63
3552.59,-8816.64
3841.44,-8920.24
3839.11,-8955.49
3645.74,-8905.33
3637.70,-8941.59
3607.45,-8930.46
-6444.01,945.72
-6488.71,619.70
-6445.37,613.87
-6446.53,604.10
-6361.20,603.53
-6319.17,937.65
-6433.89,956.67
-6444.01,945.72
-1398.18,-1470.27
-1255.12,-1511.36
-1275.58,-1157.03
-1352.30,-1149.36
-1362.82,-1214.11
-1410.20,-1211.34
-1398.18,-1470.27
-1248.17,-2054.22
-1065.41,-2131.89
-1069.92,-1854.35
-1250.89,-1851.60
-1248.17,-2054.22
-207.03,9891.69
-163.12,9865.64
-131.55,9794.62
-120.46,9795.71
-105.19,9770.74
147.88,9705.35
-6.44,9661.26
-95.23,9683.42
-145.49,9678.55
-138.29,9641.41
-207.51,9584.41
-250.91,9898.59
-218.29,9901.76
-207.03,9891.69
-1181.90,7269.25
-1107.81,7383.45
-1115.53,7413.62
-1081.17,7514.51
-1074.83,7416.90
-1054.02,7376.73
-974.10,7305.30
-975.48,7288.90
-1023.25,7325.21
-1023.82,7266.88
-1181.90,7269.25
-5501.14,1910.82
-5377.33,1786.80
-5215.64,1963.55
-5342.90,2088.09
-5501.14,1910.82
721.31,11689.86
666.60,11857.58
606.49,11974.09
490.34,11924.73
574.80,11652.48
721.31,11689.86
2094.26,12023.06
2093.60,12042.65
2070.54,12040.83
1748.39,11993.82
1761.05,11846.41
1942.05,11866.83
1943.50,11926.96
2096.23,11938.77
2094.26,12023.06
-3220.12,8763.45
-2961.92,8724.82
-2950.64,8818.06
-3343.83,8852.96
-3457.63,8850.71
-3466.14,8767.11
-3220.12,8763.45
-742.90,2910.89
-782.58,2924.50
-836.36,2804.37
-983.15,2551.82
-1163.67,2179.90
-1117.84,2158.54
-783.36,2810.72
-742.90,2910.89
-5696.14,2805.91
-5771.34,2643.06
-5980.30,2893.83
-5889.58,2978.98
-5696.14,2805.91
-1452.88,4267.84
-1542.79,4142.91
-1436.62,4096.54
-1371.94,4199.74
-1301.85,4147.47
-1209.36,4273.99
-1290.35,4325.61
-1298.32,4306.82
-1428.41,4342.37
-1452.88,4267.84
8526.57,-9127.17
8433.28,-9113.38
8391.77,-9255.86
8374.38,-9509.74
8464.33,-9531.04
8526.57,-9127.17
5915.35,-7852.91
5868.58,-7885.51
5744.55,-7862.57
5798.29,-7662.41
5904.83,-7556.84
5986.34,-7630.13
5892.02,-7708.86
5916.13,-7734.69
5888.66,-7764.84
5936.97,-7838.10
5915.35,-7852.91
-4468.10,7819.76
-4490.13,7869.75
-4246.92,7949.30
-4202.21,7800.10
-4446.85,7721.82
-4475.30,7812.07
-4468.10,7819.76
-4740.28,1765.18
-4555.64,1609.68
-4462.12,1719.24
-4685.06,1917.77
-4740.28,1765.18
-6702.19,-536.85
-6877.97,-520.20
-6870.21,-676.83
-6914.45,-804.62
-6944.77,-818.27
-6860.98,-808.77
-6862.47,-817.90
-6796.48,-830.73
-6702.19,-536.85
-6356.42,4888.55
-6394.18,4815.06
-6167.34,4702.00
-6069.76,4846.30
-6133.15,4887.63
-6293.58,4897.66
-6356.42,4888.55
4504.41,-9403.17
4450.24,-9382.36
4512.78,-9127.18
4503.82,-9122.85
4556.76,-8995.55
4640.00,-9014.95
4542.15,-9405.16
4504.41,-9403.17
615.32,11348.54
561.30,11649.72
534.70,11642.66
532.93,11628.71
390.51,11596.16
400.94,11473.15
615.32,11348.54
-1355.28,-3986.40
-1491.76,-4149.46
-1598.68,-3997.67
-1557.98,-3969.96
-1552.06,-3983.55
-1340.86,-3840.58
-1303.12,-3909.14
-1355.28,-3986.40
1099.58,11729.50
1075.50,11776.40
1039.38,11762.84
1177.25,11036.34
1228.09,11051.01
1099.58,11729.50
-272.57,10161.48
124.76,10243.19
118.37,10296.75
64.38,10300.67
58.00,10343.03
-123.12,10292.17
-201.39,10282.04
-273.22,10247.79
-272.57,10161.48
211.10,8245.92
107.11,8248.93
98.88,8322.59
152.63,8324.39
157.65,8403.52
-37.69,8387.80
-44.35,8461.71
-105.61,8455.99
-117.87,8561.78
278.57,8354.83
211.10,8245.92
-678.74,2785.92
-725.10,2649.66
-629.51,2621.56
-617.17,2605.88
-528.72,2573.71
-495.04,2649.01
-553.42,2671.36
-511.43,2787.23
-651.03,2863.03
-678.74,2785.92
-6708.06,-132.03
-6819.55,-97.38
-6800.22,41.65
-6764.59,32.45
-6768.09,8.55
-6746.96,0.86
-6741.54,26.48
-6709.90,17.14
-6706.53,42.93
-6745.18,51.40
-6732.57,89.64
-6702.81,83.77
-6670.53,119.91
-6659.49,195.43
-6622.06,206.51
-6589.17,200.73
-6657.61,-74.13
-6675.63,-118.37
-6708.06,-132.03
-1596.04,-3223.33
-1632.78,-3230.46
-1627.31,-3265.44
-1825.44,-3357.42
-1783.04,-3405.50
-1854.12,-3447.23
-1869.98,-3433.76
-1936.67,-3488.69
-1974.08,-3446.39
-2038.18,-3492.51
-1984.14,-3594.60
-1717.84,-3427.32
-1596.04,-3223.33
-593.72,2598.01
-617.17,2605.88
-884.44,2036.87
-843.40,2015.67
-684.57,2348.66
-642.91,2331.38
-568.94,2587.38
-593.72,2598.01
-583.76,3372.99
-620.96,3211.49
-649.40,3176.27
-698.70,3010.68
-742.90,2910.89
-711.05,2899.40
-691.33,2896.86
-604.46,3042.42
-525.54,3231.89
-504.70,3333.85
-583.76,3372.99
1537.73,11067.28
1547.57,10903.84
1594.53,10909.01
1595.02,10864.63
1715.49,10873.64
1741.23,10918.72
1715.18,11097.09
1537.73,11067.28
1514.93,6468.72
1594.48,6467.33
1606.74,6724.48
1611.77,6892.64
1532.58,6939.62
1514.93,6468.72
-4759.83,-2402.62
-4730.44,-2320.74
-4746.49,-2223.29
-4722.63,-2220.70
-4728.52,-2172.99
-4755.21,-2176.38
-4763.26,-2152.19
-4797.76,-2160.98
-4800.81,-2146.73
-4897.35,-2171.69
-4893.34,-2186.46
-4950.25,-2202.46
-4945.43,-2236.08
-5015.37,-2245.26
-5017.79,-2264.25
-4871.37,-2342.97
-4845.61,-2297.49
-4811.51,-2313.24
-4783.05,-2347.97
-4777.92,-2393.85
-4759.83,-2402.62
572.03,9259.55
576.99,9310.68
514.86,9341.47
511.86,9399.51
528.59,9432.68
465.86,9465.46
402.58,9358.26
386.76,9366.49
324.31,9324.69
339.24,9204.67
572.03,9259.55
-6906.04,-1005.20
-6954.46,-1207.55
-6795.15,-1263.73
-6729.81,-1057.48
-6906.04,-1005.20
155.97,4725.25
158.64,4697.28
180.22,4697.35
180.39,4611.53
236.08,4630.37
240.81,4652.72
210.12,4751.85
215.29,4802.13
225.89,4803.98
221.12,4994.96
239.56,5005.72
224.98,5091.07
192.68,5101.29
122.49,5098.67
155.97,4725.25
-241.65,-2831.33
-251.37,-2818.20
-255.89,-2833.12
-471.34,-2861.13
-572.51,-2761.34
-597.40,-2690.69
-387.68,-2710.65
-380.25,-2769.12
-253.81,-2752.22
-241.65,-2831.33
-7130.15,671.08
-7103.73,496.96
-7084.47,487.14
-6932.76,482.36
-6931.15,684.98
-7130.15,671.08
-6180.65,3323.06
-6358.83,3388.13
-6422.29,3236.41
-6342.49,3198.76
-6207.67,3164.79
-6168.70,3302.93
-6180.65,3323.06
-525.54,3231.89
-604.46,3042.42
-697.12,2897.15
-731.27,2816.39
-674.04,2803.87
-642.95,2878.81
-624.96,2878.68
-604.30,2911.46
-539.81,3054.03
-523.79,3047.69
-437.94,3302.79
-504.70,3333.85
-525.54,3231.89
-4464.68,6121.32
-4487.30,6056.12
-4509.25,6065.65
-4487.61,6128.93
-4520.19,6141.30
-4599.65,5974.58
-4682.50,6016.89
-4714.03,5965.16
-4727.84,5972.92
-4741.20,5946.29
-4690.76,5933.21
-4706.40,5894.72
-4668.82,5878.41
-4687.41,5765.96
-4601.48,5755.94
-4592.34,5894.20
-4572.36,5945.72
-4537.56,5930.78
-4464.68,6121.32
-5949.97,-3155.32
-6017.65,-3218.35
-6011.56,-3232.31
-5925.45,-3324.64
-5807.90,-3416.88
-5779.39,-3408.40
-5713.61,-3315.08
-5949.97,-3155.32
-2463.07,2218.31
-2357.42,2410.38
-2264.74,2367.40
-2466.31,2008.99
-2501.02,2024.67
-2514.54,2007.71
-2389.94,1952.40
-2380.67,1970.34
-2462.94,2006.02
-2260.76,2366.20
-2119.35,2299.40
-2175.66,2187.66
-2115.21,2299.00
-1974.05,2231.56
-1957.66,2254.93
-2025.81,2289.10
-2017.62,2318.21
-2032.12,2291.99
-2245.26,2392.34
-2234.89,2411.43
-2198.48,2394.34
-2191.16,2405.89
-2227.09,2423.03
-2215.89,2444.99
-2248.73,2393.95
-2345.85,2444.83
-2296.42,2505.22
-2303.23,2510.57
-2285.57,2537.28
-2310.29,2547.73
-2370.24,2442.32
-2453.84,2480.12
-2462.80,2456.77
-2390.60,2424.23
-2518.77,2187.95
-2493.31,2162.58
-2463.07,2218.31
1633.80,12218.90
1726.69,12235.15
1689.78,12691.90
1629.54,12668.13
1643.78,12565.62
1634.02,12563.59
1633.80,12218.90
-6118.45,-253.98
-6056.96,-197.20
-5971.24,-79.29
-6080.67,6.01
-6146.37,-73.55
-6137.11,-80.84
-6204.87,-211.53
-6192.52,-211.08
-6175.18,-297.48
-6146.79,-290.21
-6118.45,-253.98
-5964.66,3135.15
-5870.07,3341.65
-6017.58,3391.89
-6099.16,3195.89
-5964.66,3135.15
3873.49,-3446.86
3830.57,-3415.03
3823.77,-3424.54
3811.72,-3415.54
3845.48,-3378.82
3821.22,-3356.80
3791.79,-3381.61
3806.87,-3393.77
3798.55,-3405.78
3762.59,-3379.40
3776.14,-3355.51
3747.27,-3324.10
3787.74,-3351.55
3798.50,-3318.46
3809.28,-3321.80
3834.80,-3274.73
3899.18,-3317.37
3904.28,-3310.87
3870.78,-3288.76
3898.62,-3251.40
4007.73,-3326.13
3981.84,-3362.27
4000.05,-3382.87
3993.44,-3391.37
3980.59,-3381.86
3982.55,-3405.99
3966.83,-3394.96
3953.77,-3415.98
4037.29,-3472.07
4009.91,-3516.86
3950.92,-3479.91
3927.64,-3498.98
3931.64,-3488.83
3882.75,-3453.32
3876.58,-3462.33
3873.49,-3446.86
-3637.61,-2894.85
-3652.46,-2823.34
-3761.97,-2854.86
-3703.98,-3064.78
-3546.93,-3023.30
-3573.03,-2893.61
-3637.61,-2894.85
-3750.49,5414.06
-3685.09,5413.81
-3435.04,5355.22
-3384.53,5449.50
-3512.70,5485.98
-3755.04,5497.67
-3750.49,5414.06
-2517.50,-1525.33
-2554.27,-1510.16
-3042.33,-1687.77
-3058.00,-1728.75
-2929.79,-1689.22
-2818.97,-1934.41
-3066.56,-2042.65
-3062.23,-2050.10
-2818.29,-1944.38
-2748.59,-2087.49
-2735.36,-2080.49
-2918.49,-1679.48
-2653.17,-1580.82
-2609.80,-1668.20
-2710.52,-1712.05
-2691.16,-1713.72
-2599.80,-1914.75
-2513.43,-1874.47
-2599.14,-1903.14
-2685.85,-1711.91
-2601.30,-1681.73
-2550.18,-1794.58
-2542.40,-1785.57
-2639.87,-1575.86
-2536.83,-1538.88
-2486.58,-1554.11
-2517.50,-1525.33
-5567.10,-2620.10
-5332.03,-2677.80
-5295.92,-2548.06
-5528.69,-2487.23
-5567.10,-2620.10
942.17,11856.08
876.68,11999.62
858.77,12075.61
749.71,12041.80
889.39,11721.02
908.61,11726.93
942.17,11856.08
-8481.22,-2177.89
-8423.66,-2300.52
-8303.40,-2264.82
-8206.81,-2206.02
-8274.48,-2097.22
-8481.22,-2177.89
-1631.56,-5643.34
-1625.28,-5632.78
-1514.96,-5670.20
-1505.82,-5600.47
-1586.42,-5565.81
-1563.75,-5513.88
-1792.22,-5416.78
-1806.04,-5460.60
-1707.64,-5515.03
-1737.35,-5591.87
-1631.56,-5643.34
3461.48,-1391.95
3327.91,-1401.11
3329.71,-1325.87
3405.93,-1324.36
3405.41,-1271.09
3570.08,-1269.04
3573.24,-1387.29
3562.94,-1387.22
3560.91,-1459.70
3462.92,-1458.42
3461.48,-1391.95
-7172.39,3787.86
-7242.41,3825.15
-7284.26,3730.51
-7097.89,3640.28
-6992.19,3573.60
-6969.16,3690.46
-7172.39,3787.86