-6418.85,-220.34
-6115.86,260.63
-5866.41,1368.48
-5909.06,1473.62
-5504.98,2317.72
-6064.70,2962.48
-6584.29,3314.21
-7013.10,2583.53
-7671.67,1870.78
-7800.36,1561.29
-7843.99,1042.96
-7723.55,419.87
-7228.70,-214.56
-6509.69,-487.77
-6418.85,-220.34
-4824.96,-556.44
-4815.08,-1154.85
-4895.15,-1331.15
-5165.64,-1576.04
-5317.52,-1114.54
-5506.44,-849.06
-5845.91,-671.03
-6509.69,-487.77
-6074.76,416.80
-4824.96,-556.44
-5181.38,-285.84
-4824.96,-556.44
-4629.11,1307.55
-4752.32,1557.53
-5504.98,2317.72
-5909.06,1473.62
-5866.41,1368.48
-6086.56,419.46
-5181.38,-285.84
-4797.25,-586.17
-4838.53,-1221.55
-5165.64,-1576.04
-5124.06,-1925.31
-5198.20,-2643.18
-4629.78,-2781.14
-1698.78,-1893.83
-4797.25,-586.17
-783.01,-2288.14
-4797.25,-586.17
-4810.15,-154.48
-4638.18,1129.35
-4319.67,1028.93
-3762.01,689.62
-2450.79,737.85
-1090.10,593.04
-783.01,-2288.14
509.80,1341.37
-841.41,1443.15
-1063.96,1739.60
-1526.17,1933.10
-3498.35,3475.79
-4446.30,1069.88
-3762.01,689.62
-2273.71,731.27
-1313.53,588.40
-140.78,603.23
331.77,530.83
509.80,1341.37
-2457.73,6088.20
-3498.35,3475.79
-1814.30,2176.69
-1290.45,2275.85
125.23,4943.80
192.81,5271.64
144.67,5767.76
-2457.73,6088.20
-5597.43,5120.93
-6179.39,4357.74
-6584.29,3314.21
-6064.70,2962.48
-4726.25,1524.79
-4619.92,1128.48
-4446.30,1069.88
-2468.12,6090.30
-2907.97,6304.50
-2999.36,6132.22
-4716.81,6383.40
-4958.11,5869.01
-5597.43,5120.93
-2270.56,9718.58
-1781.16,11858.37
-2589.89,11461.37
-4766.06,9512.30
-4844.66,9327.74
-5071.47,9234.24
-5083.84,9075.45
-5228.70,9224.51
-5310.01,9237.99
-5348.95,9127.45
-5488.22,9171.27
-5404.14,9020.15
-5671.75,8864.01
-5812.41,8424.75
-5722.17,8132.94
-5048.70,7917.51
-4707.31,7595.65
-4602.10,7128.64
-4716.81,6383.40
-2999.36,6132.22
-2907.97,6304.50
-2457.73,6088.20
-1631.34,8299.96
-1711.62,8528.66
-1864.19,8651.71
-2492.95,8746.15
-2270.56,9718.58
2844.09,12876.84
-285.97,12340.79
-1779.47,11865.81
-2492.95,8746.15
-1864.19,8651.71
-1711.62,8528.66
-1631.34,8299.96
-2457.73,6088.20
663.05,5728.02
728.46,5759.93
779.14,6248.44
1281.65,6293.32
1641.26,6477.44
2185.91,6535.27
2355.52,6637.27
3044.39,6667.10
3117.18,7467.91
3060.61,7694.33
3172.21,8311.87
3124.93,9005.96
3333.09,10514.91
2967.79,12141.63
2952.04,12610.08
2844.09,12876.84
2613.47,16387.11
2449.15,16413.06
2964.33,17370.14
2069.55,17875.33
1598.38,18017.96
894.99,18443.99
311.79,18933.17
-141.17,19058.64
799.59,23161.01
1490.86,23520.90
3218.05,23111.09
4914.42,22351.79
4774.27,23388.71
5104.12,23422.96
5090.33,23566.33
5682.98,23583.10
6741.20,23029.38
7174.06,20326.04
5505.51,17418.21
3741.80,16062.23
3209.82,16269.93
2613.47,16387.11
-1188.78,14447.69
-141.17,19058.64
311.79,18933.17
894.99,18443.99
1598.38,18017.96
2069.55,17875.33
2964.33,17370.14
2449.15,16413.06
3209.82,16269.93
3741.80,16062.23
3020.71,15157.04
2844.09,12876.84
2748.66,12827.26
576.21,12523.95
-285.97,12340.79
-1779.47,11865.81
-1188.78,14447.69
5505.51,17418.21
3867.76,16196.26
3041.68,15223.59
2844.09,12876.84
3202.59,11204.87
3764.24,11396.82
4533.67,11533.47
5027.24,11803.58
5759.03,11799.99
6531.80,11682.22
7398.96,11072.26
7859.09,11058.79
8727.82,11517.31
9492.19,11622.88
9472.39,11519.44
9572.40,11468.99
10635.58,11642.72
10596.31,12142.21
10909.35,12175.76
11126.50,12567.81
11296.35,12405.67
11810.68,12657.73
12081.25,12691.59
12441.53,12601.71
12662.55,12768.81
12970.13,12843.66
13289.58,13257.27
13553.63,14080.45
13422.82,14563.20
13069.80,15187.83
12497.48,15122.08
12273.61,15340.43
12131.09,15190.48
11792.15,15349.66
11547.23,15259.81
11294.07,15343.54
11183.48,15137.60
10930.66,15099.80
10429.29,15324.23
10345.60,15418.76
10280.06,15834.97
10037.15,15936.00
9990.99,15545.97
9066.13,15530.33
8957.78,15575.24
8932.06,15862.05
8647.93,15972.51
7971.89,15794.69
7819.03,15868.97
7521.85,15841.37
7045.72,15682.78
7038.32,15596.59
6790.71,15558.79
6045.62,15847.00
5516.16,15957.75
5267.89,16134.55
5522.42,16612.64
5243.09,16964.42
5505.51,17418.21
-730.11,3324.24
-1290.45,2275.85
-1814.30,2176.69
-1526.17,1933.10
-1063.96,1739.60
-841.41,1443.15
509.80,1341.37
693.02,2013.23
1312.57,2831.59
1427.81,3092.85
1589.24,6448.63
1281.65,6293.32
779.14,6248.44
696.28,5740.89
144.67,5767.76
192.81,5271.64
125.23,4943.80
-730.11,3324.24
3044.39,6667.10
3245.47,4804.24
3609.39,3997.39
3562.32,3296.74
3732.62,2592.33
3730.67,2193.19
4040.77,1618.54
4737.05,904.08
4329.25,464.21
4091.29,-220.57
331.77,530.83
635.15,1889.48
1427.81,3092.85
1589.24,6448.63
2185.91,6535.27
2355.52,6637.27
3044.39,6667.10
-1023.58,-26.71
-665.32,-158.10
4158.63,-3671.37
4477.97,-4267.39
2624.78,-5257.22
2157.92,-4889.53
232.08,-4119.44
-155.43,-4075.16
-567.03,-4168.16
-1023.58,-26.71
5694.83,5758.29
6461.03,7499.73
7296.11,8935.22
7641.44,9972.58
8314.61,11285.26
7859.09,11058.79
7398.96,11072.26
6440.56,11712.62
5060.55,11809.82
4533.67,11533.47
3764.24,11396.82
3202.59,11204.87
3331.55,10466.46
3124.93,9005.96
3172.21,8311.87
3060.61,7694.33
3117.18,7467.91
3042.71,6639.91
3907.86,6469.25
3855.19,6248.70
4003.42,6211.07
4257.14,5898.56
5694.83,5758.29
10037.15,15936.00
9990.99,15545.97
9066.13,15530.33
8957.78,15575.24
8932.06,15862.05
8647.93,15972.51
7971.89,15794.69
7819.03,15868.97
7521.85,15841.37
7045.72,15682.78
7038.32,15596.59
6879.91,15546.17
5516.16,15957.75
5250.38,16162.38
5522.42,16612.64
5243.09,16964.42
7188.00,20368.18
6741.20,23029.38
6955.58,22871.48
7007.68,22714.63
6980.53,21671.92
8595.39,21603.98
8579.29,21048.62
8715.85,20940.17
11253.60,20824.50
13995.08,20900.65
13946.63,20318.77
13711.19,19765.50
13751.73,19374.55
13576.92,19109.66
13366.81,18968.26
13336.85,18750.22
13690.49,18502.74
13783.86,18099.02
14273.44,17221.85
14173.41,16043.68
14250.46,15963.49
14029.69,15730.65
13959.19,15400.41
14013.32,15185.59
13819.77,15078.27
13422.82,14563.20
13069.80,15187.83
12497.48,15122.08
12273.61,15340.43
12131.09,15190.48
11792.15,15349.66
11547.23,15259.81
11294.07,15343.54
11258.51,15194.42
11140.67,15118.81
10770.13,15154.28
10383.11,15371.89
10280.06,15834.97
10037.15,15936.00
331.77,530.83
4091.29,-220.57
4181.73,-287.48
4125.42,-532.97
4825.31,-601.28
4797.36,-1254.53
4937.55,-2406.66
4874.99,-2548.10
5036.06,-2673.21
4968.31,-2758.38
5020.45,-3008.42
4915.48,-3220.25
4555.86,-3307.59
4505.37,-3459.19
4584.92,-3448.40
4919.02,-4063.79
4477.97,-4267.39
4158.63,-3671.37
-665.32,-158.10
-1023.58,-26.71
-1090.10,593.04
-140.78,603.23
331.77,530.83
5909.31,6284.01
6855.18,6354.65
7099.03,5003.39
7439.25,5073.76
7607.46,4540.24
7461.46,3560.66
7345.44,3627.29
7592.63,2240.51
5869.25,1976.78
4405.65,565.94
5427.96,75.57
8169.05,775.36
8488.16,695.07
8983.49,392.77
9198.68,386.19
9540.16,111.31
9440.76,-66.51
9564.25,-149.37
10697.91,-528.54
11153.02,-329.72
11119.48,-102.35
11276.74,12.30
11471.50,426.12
11928.39,526.43
12123.74,704.05
12422.83,600.96
12678.91,677.10
12834.12,998.56
11827.62,1476.78
11733.83,2613.54
11283.46,3594.32
10366.95,3071.75
10099.05,3432.52
9858.79,3999.69
9445.42,4556.48
9496.28,4634.16
8906.81,4889.21
8672.94,5440.49
8542.30,6777.70
7977.81,7377.41
7729.60,8037.57
7649.98,8044.73
7685.07,8461.02
7111.42,8470.70
7057.40,8268.97
6931.78,8253.08
6461.03,7499.73
5909.31,6284.01
-8632.47,309.90
-7774.39,556.40
-7363.81,-85.69
-7656.18,-410.71
-7867.51,-889.69
-8169.42,-2025.35
-8814.58,-2272.86
-9561.15,-2287.07
-10027.49,-1997.53
-10513.12,-1197.30
-10648.92,-423.17
-10604.88,134.51
-10144.55,-31.82
-9628.87,-0.29
-9281.60,64.33
-9159.12,159.26
-8971.71,83.62
-8857.79,350.65
-8632.47,309.90
-16638.53,703.06
-15544.22,482.21
-14988.50,129.22
-14374.75,-78.34
-13958.74,-86.73
-13814.23,-294.82
-13477.86,-337.53
-11914.52,-285.97
-11429.78,-58.58
-11215.01,-98.20
-11131.10,108.12
-10887.45,68.56
-10591.82,153.05
-10556.41,680.99
-10631.78,992.49
-11092.72,1810.99
-11462.87,2217.54
-11513.50,2848.96
-11388.98,3299.42
-11099.06,3787.04
-10634.81,4016.54
-10231.17,3966.05
-9981.63,4085.99
-10095.21,4324.23
-10147.14,5025.63
-9752.64,5738.51
-10390.53,6019.38
-10946.77,6135.52
-16111.03,6473.79
-16628.38,1405.44
-16638.53,703.06
-16589.32,1743.46
-16111.03,6473.79
-25093.77,6794.34
-24776.47,6030.75
-24741.48,5552.40
-24476.53,4540.48
-24512.86,4251.81
-24606.76,4240.71
-24581.15,4111.14
-24781.74,3628.34
-24852.95,2145.22
-24538.08,1907.29
-24561.53,1374.25
-24414.43,1350.17
-24376.18,1140.69
-24278.74,1145.77
-24246.41,-168.93
-24056.85,-777.85
-21686.82,-566.57
-22419.20,1010.90
-21321.49,1198.03
-20648.53,1198.67
-18478.06,996.27
-16638.53,703.06
-16589.32,1743.46
5694.83,5758.29
5923.33,6293.32
6389.60,6273.24
6855.18,6354.65
7099.03,5003.39
7439.25,5073.76
7602.12,4592.40
7461.46,3560.66
7345.44,3627.29
7592.63,2240.51
5954.11,2020.23
4737.05,904.08
4040.77,1618.54
3730.67,2193.19
3732.62,2592.33
3562.32,3296.74
3609.39,3997.39
3245.47,4804.24
3126.73,6354.03
3042.71,6639.91
3907.86,6469.25
3855.19,6248.70
4003.42,6211.07
4257.14,5898.56
5694.83,5758.29
-4716.81,6383.40
-4958.11,5869.01
-5931.03,4749.02
-6179.39,4357.74
-6804.67,2884.87
-7460.69,2097.56
-8374.59,3314.40
-9841.88,4920.55
-10153.08,4925.85
-10123.92,5113.48
-9182.57,5357.00
-6377.84,6418.30
-4877.45,7798.51
-4707.31,7595.65
-4602.10,7128.64
-4716.81,6383.40
-7650.99,1901.04
-7460.69,2097.56
-7562.38,2281.62
-8374.59,3314.40
-9899.79,4961.25
-10149.23,4910.50
-10095.21,4324.23
-9981.63,4085.99
-10231.17,3966.05
-10634.81,4016.54
-10900.77,3908.15
-11099.06,3787.04
-11417.55,3227.50
-11529.36,2682.62
-11462.87,2217.54
-11092.72,1810.99
-10657.73,1050.61
-10556.41,680.99
-10604.88,134.51
-10345.14,20.85
-9628.87,-0.29
-9281.60,64.33
-9159.12,159.26
-8971.71,83.62
-8857.79,350.65
-8437.33,322.18
-7774.39,556.40
-7825.42,1402.32
-7650.99,1901.04
-24549.74,-2442.16
-24174.86,-2239.79
-24162.41,-1833.20
-24327.27,-1223.43
-24048.45,-1150.89
-24056.85,-777.85
-21686.82,-566.57
-19321.85,-5705.01
-19068.75,-6973.92
-18888.42,-7486.22
-18941.75,-7969.76
-19103.93,-7940.75
-21523.20,-9091.75
-21938.86,-9064.32
-21994.76,-9253.53
-22590.54,-9520.12
-22560.39,-9621.61
-22846.23,-9817.11
-22980.80,-9753.83
-23232.03,-9826.10
-23848.01,-9799.22
-23807.21,-9478.97
-23693.45,-9361.48
-23646.11,-9143.11
-23907.34,-8186.25
-24044.68,-7306.03
-24211.72,-7353.10
-24481.81,-6861.86
-24384.41,-6844.47
-24384.29,-6760.10
-24604.69,-6077.96
-24728.26,-5090.99
-24640.21,-5075.18
-24595.18,-4255.80
-24665.57,-4261.98
-24488.21,-3872.11
-24614.32,-3404.48
-24418.97,-3338.67
-24312.33,-3546.54
-24167.19,-3588.27
-23915.22,-3370.61
-24047.85,-3147.09
-24206.32,-3075.87
-24131.00,-2948.48
-24549.74,-2442.16
-14300.37,-6168.15
-17995.93,-8197.73
-18562.64,-8347.66
-18675.30,-8079.47
-18941.75,-7969.76
-18888.42,-7486.22
-19068.75,-6973.92
-19321.85,-5705.01
-22419.20,1010.90
-21321.49,1198.03
-19990.35,1160.73
-17621.88,881.03
-15863.23,538.06
-15748.52,-478.38
-15662.47,-511.46
-15714.06,-824.57
-15415.24,-866.78
-15315.99,-1309.33
-14626.36,-1212.96
-14427.34,-5326.84
-14300.37,-6168.15
10861.81,8562.79
10794.27,9031.17
10909.81,9167.41
10934.90,9350.82
10931.77,10046.56
10553.50,9992.14
10491.81,10287.13
9543.75,10095.84
9461.99,11230.42
9725.31,11304.80
9271.21,11590.30
8624.22,11484.62
8314.61,11285.26
7678.82,10057.44
7334.94,9024.42
6931.78,8253.08
7057.40,8268.97
7111.42,8470.70
7685.07,8461.02
7649.98,8044.73
7729.60,8037.57
7977.81,7377.41
8542.30,6777.70
8672.94,5440.49
8906.81,4889.21
9496.28,4634.16
9445.42,4556.48
9858.79,3999.69
10099.05,3432.52
10366.95,3071.75
12416.39,4236.52
12273.18,4526.90
12570.00,4849.96
12346.01,5280.24
12246.42,5909.02
11832.29,6612.96
11719.29,6956.59
11500.26,6893.74
11226.41,7443.69
11091.45,7447.21
11106.23,7725.22
10861.81,8562.79
12441.53,12601.71
11959.99,12283.28
11952.34,12198.09
12567.29,12078.00
13367.14,11648.29
13578.70,11262.71
13782.73,10618.78
13791.01,10188.37
14093.00,9917.40
14563.72,9048.90
14616.79,8750.05
14778.49,8584.87
14731.44,8248.37
14849.25,7707.99
15311.25,7314.74
15320.82,7086.96
15155.43,6842.11
15633.28,6067.80
12416.39,4236.52
12273.18,4526.90
12570.00,4849.96
12346.01,5280.24
12246.42,5909.02
11832.29,6612.96
11719.29,6956.59
11500.26,6893.74
11226.41,7443.69
11091.45,7447.21
11106.23,7725.22
10887.73,8308.26
10794.32,9015.30
10934.90,9350.82
10931.77,10046.56
10553.50,9992.14
10491.81,10287.13
9543.75,10095.84
9461.99,11230.42
9725.31,11304.80
9271.21,11590.30
9500.99,11619.95
9472.39,11519.44
9572.40,11468.99
10635.58,11642.72
10596.31,12142.21
10909.35,12175.76
11126.50,12567.81
11296.35,12405.67
11810.68,12657.73
12081.25,12691.59
12441.53,12601.71
-9561.15,-2287.07
-9600.19,-2479.04
-9828.90,-2819.83
-9830.08,-3021.36
-10526.92,-2798.32
-10421.64,-3347.10
-10788.84,-3419.82
-10808.09,-3349.71
-11333.93,-3475.80
-11268.76,-3855.86
-11604.06,-3666.43
-11925.50,-4194.13
-13077.41,-3742.83
-13288.45,-4257.60
-13236.16,-4272.48
-13562.83,-4922.52
-13230.13,-5489.82
-14300.37,-6168.15
-14427.34,-5326.84
-14626.36,-1212.96
-15315.99,-1309.33
-15415.24,-866.78
-15714.06,-824.57
-15662.47,-511.46
-15748.52,-478.38
-15863.23,538.06
-15485.82,461.81
-14988.50,129.22
-14374.75,-78.34
-13958.74,-86.73
-13814.23,-294.82
-13477.86,-337.53
-11914.52,-285.97
-11429.78,-58.58
-11215.01,-98.20
-11131.10,108.12
-10887.45,68.56
-10591.82,153.05
-10648.92,-423.17
-10513.12,-1197.30
-10027.49,-1997.53
-9561.15,-2287.07
25126.54,16761.77
25072.42,16767.42
25128.73,16621.57
25461.39,16406.37
25336.74,16040.95
25123.26,15859.43
24924.02,15443.85
24532.10,15214.81
25242.70,13214.07
25833.01,11829.47
20422.50,8781.99
20369.03,8971.08
20140.05,9088.63
19924.92,10050.46
19149.44,9907.41
19027.20,10225.47
18304.13,9960.71
18309.24,9409.24
17510.60,9386.34
17511.36,10497.09
17289.44,10472.35
17287.16,9834.52
16675.87,9815.18
16677.85,9100.50
16768.44,8767.32
15722.66,8678.80
15607.68,8487.80
14748.19,8046.40
14778.49,8584.87
14616.79,8750.05
14563.72,9048.90
14093.00,9917.40
13791.01,10188.37
13782.73,10618.78
13578.70,11262.71
13348.07,11679.59
12567.29,12078.00
11952.34,12198.09
11959.99,12283.28
12304.53,12469.10
12546.00,12709.66
12970.13,12843.66
13289.58,13257.27
13393.65,13729.28
13550.22,13991.88
13424.35,14586.42
13819.77,15078.27
14013.32,15185.59
13959.19,15400.41
14029.69,15730.65
14250.46,15963.49
14173.41,16043.68
14273.44,17221.85
13783.86,18099.02
13690.49,18502.74
13339.62,18717.78
13366.81,18968.26
13693.24,19258.58
20788.46,19503.35
25095.71,20957.95
25062.23,17157.14
25129.42,17112.22
25126.54,16761.77
9965.79,-8722.66
9717.17,-9333.39
9734.30,-10121.80
9086.39,-9908.71
8903.60,-9968.59
8679.01,-9918.28
8499.58,-10231.01
8362.18,-10150.77
8085.13,-10627.29
7545.10,-10453.82
7607.67,-10270.93
7519.68,-10212.70
6311.50,-9773.32
6379.18,-9605.73
6259.74,-9555.52
6036.34,-9959.50
5809.08,-9861.77
5788.51,-9915.37
5191.54,-9682.60
5210.36,-9624.68
5079.24,-9581.97
5142.35,-9402.28
4879.70,-9322.16
4821.36,-9453.81
4502.08,-9401.94
4437.77,-9456.85
4353.70,-9409.94
4388.45,-9148.86
4241.49,-9140.60
4162.59,-9218.37
3911.54,-9178.35
3812.72,-9050.09
3452.78,-8938.64
3442.84,-8831.03
2067.36,-8215.48
2767.22,-7308.53
3089.86,-6663.39
4324.88,-7023.08
5043.17,-6747.52
5117.51,-6780.77
5444.87,-6539.38
6758.42,-6522.37
6955.34,-7188.38
8641.04,-7247.96
8745.26,-7534.31
9230.02,-8197.66
10112.49,-8245.21
9965.79,-8722.66
18304.13,9960.71
19027.20,10225.47
19149.44,9907.41
19924.92,10050.46
20140.05,9088.63
20369.03,8971.08
20422.50,8781.99
25801.60,11811.61
26097.23,11057.28
26305.16,11209.29
26596.37,11267.87
26736.39,10714.47
26764.23,10435.92
26528.05,9626.20
26541.16,9228.93
26325.12,9206.28
26045.46,8581.82
25995.00,8260.78
26058.37,8138.00
26083.54,7388.67
26276.75,7213.33
26735.67,7215.82
26380.23,6797.49
25680.14,6193.14
25365.58,5660.54
25004.30,5889.22
24662.91,6374.58
23854.47,6101.18
24212.56,4984.87
24262.56,4873.46
24344.91,4881.51
24389.93,4279.92
23511.15,4375.48
23387.01,4461.54
22513.03,4374.09
22403.79,4282.56
22109.88,4298.41
21521.69,3598.63
21016.24,3869.57
20125.75,3868.82
20116.02,3345.52
19308.37,3307.55
19302.67,3814.33
18743.55,3522.24
17754.07,3685.69
17355.79,3904.94
16870.03,3891.51
16708.66,4421.29
15756.52,6138.03
15633.28,6067.80
15155.43,6842.11
15320.82,7086.96
15311.25,7314.74
14908.46,7630.57
14748.19,8046.40
15607.68,8487.80
15722.66,8678.80
16768.44,8767.32
16677.85,9100.50
16675.87,9815.18
17287.16,9834.52
17289.44,10472.35
17511.36,10497.09
17510.60,9386.34
18309.24,9409.24
18304.13,9960.71
10677.50,-581.56
10586.06,-726.26
10435.67,-707.38
10326.65,-958.99
10083.27,-1080.54
9885.23,-1514.55
9671.53,-1586.54
9474.57,-2862.15
9868.28,-2757.76
9772.99,-3158.71
9820.13,-3248.78
9723.75,-3374.00
9608.34,-3965.08
9805.42,-4473.07
9691.13,-4422.51
8843.72,-4502.22
7977.95,-4709.12
8315.40,-5353.29
8684.12,-7430.47
9248.50,-8205.10
10105.11,-8241.57
10280.83,-7866.15
10767.29,-8107.08
10904.42,-7933.18
11525.79,-8326.74
11477.81,-8445.99
12477.93,-8863.70
12762.19,-9082.63
13814.84,-9432.09
14916.00,-9665.70
15070.02,-8830.78
15664.95,-7645.87
15608.42,-7594.22
15696.03,-7153.20
15796.30,-7174.25
15893.57,-6472.41
16162.98,-5799.17
16297.27,-4659.05
16439.43,-4650.57
16062.63,-2126.18
16003.05,-1178.61
10677.50,-581.56
11283.46,3594.32
15756.52,6138.03
16708.66,4421.29
16900.30,3789.08
16828.99,3163.61
15812.37,1515.66
16156.28,1486.73
16003.05,-1178.61
10677.50,-581.56
11153.02,-329.72
11119.48,-102.35
11276.74,12.30
11471.50,426.12
11928.39,526.43
12123.74,704.05
12422.83,600.96
12657.54,660.76
12834.12,998.56
11827.62,1476.78
11733.83,2613.54
11283.46,3594.32
4919.02,-4063.79
4989.05,-4196.54
6016.81,-4023.99
6063.34,-4335.40
6722.42,-4228.49
6814.50,-4444.01
7596.96,-4422.38
7615.42,-4505.52
7858.63,-4452.40
8315.40,-5353.29
8641.04,-7247.96
6955.34,-7188.38
6758.42,-6522.37
5444.87,-6539.38
5117.51,-6780.77
5043.17,-6747.52
4324.88,-7023.08
3089.86,-6663.39
3136.76,-6249.98
3061.81,-5897.73
2624.78,-5257.22
4919.02,-4063.79
10697.91,-528.54
10586.06,-726.26
10435.67,-707.38
10326.65,-958.99
10083.27,-1080.54
9885.23,-1514.55
9671.53,-1586.54
9474.57,-2862.15
9868.28,-2757.76
9772.99,-3158.71
9820.13,-3248.78
9723.75,-3374.00
9608.34,-3965.08
9805.42,-4473.07
9691.13,-4422.51
8843.72,-4502.22
7977.95,-4709.12
7858.63,-4452.40
7615.42,-4505.52
7596.96,-4422.38
6814.50,-4444.01
6722.42,-4228.49
6063.34,-4335.40
6016.81,-4023.99
4989.05,-4196.54
4584.92,-3448.40
4505.37,-3459.19
4555.86,-3307.59
4915.48,-3220.25
5020.45,-3008.42
4968.31,-2758.38
5038.38,-2704.51
4876.13,-2560.80
4937.55,-2406.66
4797.36,-1254.53
4825.31,-601.28
4119.32,-529.45
4181.73,-287.48
4091.29,-220.57
4329.25,464.21
4423.80,556.44
5427.96,75.57
8169.05,775.36
8488.16,695.07
8983.49,392.77
9198.68,386.19
9540.16,111.31
9440.76,-66.51
9564.25,-149.37
10697.91,-528.54
-12433.12,-6470.10
-12286.13,-6583.72
-12192.84,-6837.22
-12042.78,-6839.60
-12035.96,-7528.97
-11594.27,-7500.89
-11304.39,-8438.99
-11409.46,-8397.23
-11446.53,-8504.22
-11358.54,-8541.78
-11371.05,-8631.07
-11446.66,-8604.12
-11543.68,-8770.29
-11543.80,-9006.78
-11365.21,-9078.59
-11396.59,-9180.52
-11314.23,-9210.00
-10609.68,-9320.46
-10551.31,-9260.04
-10115.26,-9263.28
-10093.02,-9341.06
-9730.58,-9226.68
-9760.39,-9108.40
-9281.24,-9049.05
-9299.30,-8940.88
-8897.62,-8890.90
-8890.77,-8793.92
-8436.40,-8714.30
-8648.70,-8212.59
-7743.89,-7081.97
-7864.92,-6739.86
-7785.19,-6747.56
-7690.46,-6490.53
-8487.24,-5872.25
-8513.74,-5696.96
-8385.91,-5328.17
-8630.00,-5186.65
-8719.00,-4993.81
-9053.86,-3543.97
-9543.51,-3671.97
-9968.45,-3502.28
-9830.08,-3021.36
-10526.92,-2798.32
-10421.64,-3347.10
-10788.84,-3419.82
-10808.09,-3349.71
-11333.93,-3475.80
-11268.76,-3855.86
-11604.06,-3666.43
-11925.50,-4194.13
-13077.41,-3742.83
-13288.45,-4257.60
-13236.16,-4272.48
-13562.83,-4922.52
-13187.66,-5563.58
-12433.12,-6470.10
-8673.06,-8757.05
-8436.40,-8714.30
-8648.70,-8212.59
-7743.89,-7081.97
-7864.92,-6739.86
-7785.19,-6747.56
-7690.46,-6490.53
-8466.30,-5906.45
-8513.74,-5696.96
-8400.46,-5363.02
-7591.85,-5310.36
-7361.15,-5785.82
-6755.83,-6163.26
-4948.55,-6537.25
-4036.39,-7218.05
-4301.98,-7501.74
-4127.55,-7648.54
-4167.25,-7887.88
-4297.65,-8018.35
-4224.73,-8223.58
-4602.05,-8426.67
-4615.55,-9097.51
-4932.40,-9148.31
-4947.24,-9065.88
-5573.71,-8868.46
-5801.29,-9244.71
-6068.15,-9070.79
-6082.81,-9297.66
-5989.91,-9350.09
-6188.74,-9674.85
-6390.78,-9545.06
-6442.74,-9585.97
-6549.09,-9910.29
-7337.62,-9435.07
-7428.16,-9624.57
-7957.87,-9508.75
-7977.69,-9386.00
-8365.29,-9226.92
-8411.18,-9099.73
-8496.76,-9114.26
-8480.39,-9178.11
-8739.13,-9200.52
-8673.06,-8757.05
-5261.97,-16260.15
-5009.39,-15618.21
-4232.49,-15337.93
-4313.17,-14893.39
-4570.53,-14686.24
-4597.29,-14549.78
-4733.79,-14493.31
-4680.43,-14343.61
-4767.91,-13931.83
-4726.72,-13828.12
-4966.53,-12727.35
-4553.68,-12027.04
-4770.34,-11629.25
-4665.22,-11253.37
-4791.41,-11227.15
-4759.10,-11047.38
-4827.31,-11052.25
-4846.69,-10940.32
-4699.25,-10822.28
-4767.57,-10612.99
-4702.32,-10585.82
-4719.64,-10436.43
-4638.01,-10425.41
-4811.95,-10240.83
-4527.92,-9751.84
-4653.51,-9611.93
-4615.55,-9097.51
-4932.40,-9148.31
-4947.24,-9065.88
-5573.71,-8868.46
-5801.29,-9244.71
-6068.15,-9070.79
-6082.81,-9297.66
-5989.91,-9350.09
-6188.74,-9674.85
-6390.78,-9545.06
-6442.74,-9585.97
-6549.09,-9910.29
-7337.62,-9435.07
-7428.16,-9624.57
-7957.87,-9508.75
-7977.69,-9386.00
-8365.29,-9226.92
-8411.18,-9099.73
-8496.76,-9114.26
-8480.39,-9178.11
-8739.13,-9200.52
-8673.06,-8757.05
-8890.77,-8793.92
-8897.62,-8890.90
-9299.30,-8940.88
-9281.24,-9049.05
-9760.39,-9108.40
-9128.90,-12514.71
-9156.49,-12626.62
-9296.77,-12694.56
-9265.15,-12867.27
-9498.46,-13096.95
-9519.42,-13215.47
-9083.25,-13684.86
-8823.68,-13731.24
-8812.70,-13884.32
-8669.12,-13923.16
-8485.86,-14232.06
-8485.89,-14529.92
-8725.33,-15261.58
-8857.69,-15273.11
-9007.35,-15499.36
-8906.64,-15688.35
-8946.06,-15805.61
-8465.52,-15775.58
-8435.40,-15579.91
-8098.23,-15550.39
-8075.09,-15207.94
-7808.47,-15168.57
-7771.39,-15267.71
-7479.06,-15207.13
-7438.21,-15317.28
-6993.23,-15271.19
-6627.61,-14917.82
-6583.57,-14986.24
-6336.75,-14850.57
-6134.67,-15135.23
-6079.48,-15096.39
-5611.60,-15545.71
-5685.19,-15661.66
-5432.56,-15878.20
-5542.36,-16202.78
-5261.97,-16260.15
-7173.52,-1823.91
-6754.99,-419.14
-5845.91,-671.03
-5506.44,-849.06
-5317.52,-1114.54
-5175.38,-1523.08
-5138.15,-2300.91
-5230.77,-2753.65
-5408.04,-3117.44
-5957.05,-3772.09
-6668.32,-4217.51
-7245.63,-3348.15
-7244.43,-2703.06
-7351.06,-2213.11
-7173.52,-1823.91
-8046.01,-1716.99
-7941.74,-1086.63
-7548.35,-262.95
-7363.81,-85.69
-7136.51,-285.65
-6754.99,-419.14
-7203.57,-1772.66
-7168.12,-1889.20
-7267.96,-1964.24
-7351.06,-2213.11
-7256.60,-2574.58
-7240.27,-3364.94
-6668.32,-4217.51
-7343.92,-4688.51
-7568.53,-5048.05
-7591.85,-5310.36
-8391.21,-5361.39
-8630.00,-5186.65
-8719.00,-4993.81
-9053.86,-3543.97
-9543.51,-3671.97
-9986.55,-3483.54
-9888.53,-3396.78
-9828.90,-2819.83
-9600.19,-2479.04
-9561.15,-2287.07
-9105.36,-2322.94
-8486.20,-2178.89
-8169.42,-2025.35
-8046.01,-1716.99
-13230.13,-5489.82
-12398.35,-6540.20
-12286.13,-6583.72
-12241.94,-6722.33
-19704.28,-13585.55
-19776.39,-13518.36
-20098.05,-13615.59
-20331.62,-13597.65
-20370.03,-13138.93
-20604.50,-12843.00
-20684.66,-12559.42
-20863.02,-12531.92
-20976.26,-12170.06
-21065.59,-12247.63
-21580.10,-12200.56
-21666.30,-12254.78
-21729.11,-11745.45
-22116.20,-11846.57
-22227.13,-11466.62
-22534.13,-11507.93
-22543.48,-11446.13
-22667.94,-11442.14
-22677.64,-11354.55
-22875.64,-11355.65
-22849.01,-11048.47
-23129.17,-11058.82
-23248.86,-10479.02
-23104.86,-10449.51
-23045.88,-9757.12
-22942.28,-9822.18
-22752.20,-9776.86
-22560.39,-9621.61
-22590.54,-9520.12
-21994.76,-9253.53
-21938.86,-9064.32
-21523.20,-9091.75
-19103.93,-7940.75
-18675.30,-8079.47
-18562.64,-8347.66
-18026.29,-8211.49
-15080.29,-6640.97
-13230.13,-5489.82
-19771.93,-15186.75
-19564.49,-16249.88
-19624.93,-16545.28
-19351.85,-16862.02
-18998.86,-17069.47
-19010.59,-17276.52
-18911.00,-17300.99
-18936.49,-17450.58
-18815.40,-17576.10
-18900.29,-17705.68
-18845.53,-17958.78
-18923.75,-18231.59
-18751.33,-18378.81
-18743.26,-18728.78
-18607.46,-18773.61
-18600.64,-18983.52
-18507.54,-18916.16
-18437.87,-19275.38
-18220.62,-19369.79
-18314.49,-19511.27
-18242.06,-19986.18
-18143.56,-20014.01
-18050.27,-20193.44
-18101.33,-20279.33
-18018.41,-20512.11
-17933.81,-20553.98
-17929.30,-20796.71
-17817.33,-21030.72
-17596.66,-21133.87
-17163.48,-21152.84
-16944.41,-21084.76
-16837.23,-20907.53
-16366.70,-20959.39
-16018.97,-20860.88
-15959.77,-20673.33
-15661.82,-20676.02
-15722.31,-21301.11
-15243.62,-21751.02
-15137.84,-21984.13
-15305.21,-22490.71
-15703.51,-22715.36
-15793.97,-23048.15
-15949.15,-23047.35
-15955.39,-23752.16
-16115.16,-23752.69
-16114.86,-24467.08
-16332.01,-24469.81
-16336.64,-24741.00
-16572.29,-24881.09
-16588.99,-26076.27
-16781.73,-26124.11
-16374.75,-28060.35
-11443.69,-27289.40
-12504.18,-21056.69
-12256.22,-17884.24
-12306.07,-17571.26
-12266.33,-17333.92
-11825.38,-16547.70
-11499.07,-15243.86
-11399.99,-15347.64
-11085.77,-15420.58
-10797.70,-15312.59
-10665.04,-15350.70
-10486.61,-15226.47
-10394.79,-15262.13
-10191.92,-15476.87
-10203.83,-15722.13
-10061.32,-16037.52
-10081.72,-16250.88
-9773.50,-16723.83
-9355.02,-16592.46
-9397.51,-15986.02
-8989.19,-15574.57
-8992.81,-15453.33
-8857.69,-15273.11
-8725.33,-15261.58
-8715.41,-15080.82
-8579.69,-14855.86
-8485.89,-14529.92
-8496.33,-14151.38
-8669.12,-13923.16
-8812.70,-13884.32
-8823.68,-13731.24
-9083.25,-13684.86
-9519.42,-13215.47
-9498.46,-13096.95
-9265.15,-12867.27
-9296.77,-12694.56
-9156.49,-12626.62
-9128.90,-12514.71
-9730.58,-9226.68
-10093.02,-9341.06
-10115.26,-9263.28
-10551.31,-9260.04
-10609.68,-9320.46
-11396.59,-9180.52
-11365.21,-9078.59
-11543.80,-9006.78
-11508.87,-8895.02
-11577.66,-8868.12
-11446.66,-8604.12
-11371.05,-8631.07
-11358.54,-8541.78
-11446.53,-8504.22
-11409.46,-8397.23
-11304.39,-8438.99
-11594.27,-7500.89
-12035.96,-7528.97
-12042.78,-6839.60
-12170.36,-6850.61
-12241.94,-6722.33
-19787.36,-13664.99
-19826.92,-13875.53
-19714.93,-14033.94
-19625.20,-14426.53
-19644.67,-15143.29
-19771.93,-15186.75
-5279.52,-2864.95
-5198.20,-2643.18
-4629.78,-2781.14
-1698.78,-1893.83
-783.01,-2288.14
-711.56,-2955.14
-783.87,-2983.42
-834.70,-2782.42
-1210.24,-2644.53
-1717.12,-3429.16
-1989.97,-3600.94
-1779.63,-4013.08
-2269.46,-4305.67
-2428.98,-3996.67
-2882.76,-4197.22
-3412.05,-4139.46
-3273.16,-4504.90
-3596.61,-4673.59
-3664.30,-4596.16
-3812.13,-4692.99
-4275.84,-4328.93
-4377.83,-4433.29
-4927.57,-4243.97
-4673.74,-3715.80
-5477.77,-3525.23
-5618.16,-3418.61
-5279.52,-2864.95
-6668.32,-4217.51
-7154.10,-4516.32
-7512.58,-4921.00
-7599.88,-5259.54
-7445.47,-5688.04
-6683.93,-6194.99
-5302.24,-6437.82
-4669.66,-6705.49
-3468.72,-5358.81
-3209.62,-4937.67
-3248.41,-4880.93
-3143.46,-4804.17
-3260.68,-4499.09
-3596.61,-4673.59
-3664.30,-4596.16
-3812.13,-4692.99
-4275.84,-4328.93
-4377.83,-4433.29
-4927.57,-4243.97
-4673.74,-3715.80
-5477.77,-3525.23
-5618.16,-3418.61
-6079.82,-3877.66
-6668.32,-4217.51
-711.56,-2955.14
-783.87,-2983.42
-834.70,-2782.42
-1210.24,-2644.53
-1717.12,-3429.16
-1989.97,-3600.94
-1779.63,-4013.08
-2269.46,-4305.67
-2428.98,-3996.67
-2882.76,-4197.22
-3412.05,-4139.46
-3143.46,-4804.17
-3248.41,-4880.93
-3209.62,-4937.67
-3468.72,-5358.81
-4669.66,-6705.49
-3375.58,-7780.41
-2884.51,-8090.45
-2273.64,-8227.73
-1697.91,-8084.34
-1283.54,-7750.50
-1032.80,-7329.69
-827.73,-6320.40
-943.29,-4720.46
-796.24,-4359.20
-567.03,-4168.16
-711.56,-2955.14
29015.28,-4579.76
24644.88,-2939.58
22919.42,-2962.51
22762.38,-3046.00
22299.34,-3074.18
22066.42,-2939.12
20868.92,-2925.98
20719.45,-2999.49
20530.89,-2936.96
18419.54,-2917.39
18381.65,-2734.46
16874.96,-2741.30
16867.03,-2952.56
16184.00,-2962.39
15997.79,-1301.59
16156.28,1486.73
15812.37,1515.66
16828.99,3163.61
16870.03,3891.51
17355.79,3904.94
17754.07,3685.69
18743.55,3522.24
19302.67,3814.33
19308.37,3307.55
20116.02,3345.52
20125.75,3868.82
21016.24,3869.57
21521.69,3598.63
22109.88,4298.41
22403.79,4282.56
22513.03,4374.09
23387.01,4461.54
23511.15,4375.48
24389.93,4279.92
24344.91,4881.51
24262.56,4873.46
24212.56,4984.87
23854.47,6101.18
24662.91,6374.58
25004.30,5889.22
25365.58,5660.54
25499.34,5377.89
25459.28,5032.43
25209.90,4653.92
25230.24,4537.72
25982.91,4286.41
26843.42,4286.43
27327.77,4409.10
27492.65,4578.42
27588.19,4446.64
28027.25,4307.28
28380.72,4068.33
28344.83,3855.05
29036.77,3252.46
29140.85,2988.66
29377.95,2714.98
29644.39,2770.77
29944.58,2719.29
30184.05,2979.05
30463.87,3098.55
31890.46,3116.33
32462.23,3038.00
32766.95,2733.35
32871.82,2479.56
33092.09,1682.17
33082.53,1117.05
33205.45,841.92
33746.77,103.72
33977.96,-436.36
34427.40,-585.90
31858.18,-4861.70
32466.07,-5124.66
32309.67,-5964.40
29015.28,-4579.76
37517.50,4811.93
37773.09,5278.07
39759.82,6461.15
40871.73,7919.36
37535.94,10571.64
38071.08,11535.43
37267.29,11694.08
37436.47,12434.05
37337.53,12464.74
37306.28,12911.20
37382.37,13042.11
37406.70,15328.91
38229.44,22586.46
36164.07,22370.96
30168.95,21512.72
25095.71,20957.95
25062.23,17157.14
25129.42,17112.22
25130.10,16906.84
25126.54,16761.77
25072.42,16767.42
25204.03,16551.42
25461.39,16406.37
25319.36,16002.98
25123.26,15859.43
24924.02,15443.85
24532.10,15214.81
26097.23,11057.28
26305.16,11209.29
26596.37,11267.87
26765.81,10479.31
26528.05,9626.20
26541.16,9228.93
26325.12,9206.28
26045.46,8581.82
25995.00,8260.78
26058.37,8138.00
26083.54,7388.67
26276.75,7213.33
26735.67,7215.82
25544.59,5988.58
25365.58,5660.54
25499.34,5377.89
25474.39,5082.79
25209.90,4653.92
25230.24,4537.72
25982.91,4286.41
26843.42,4286.43
27327.77,4409.10
27492.65,4578.42
27588.19,4446.64
28027.25,4307.28
28380.72,4068.33
28344.83,3855.05
29036.77,3252.46
29140.85,2988.66
29386.48,2712.34
29644.39,2770.77
29944.58,2719.29
30184.05,2979.05
30463.87,3098.55
31890.46,3116.33
32462.23,3038.00
32766.95,2733.35
32871.82,2479.56
33092.09,1682.17
33082.53,1117.05
33205.45,841.92
33746.77,103.72
33977.96,-436.36
34427.40,-585.90
35677.96,1450.39
37517.50,4811.93