7
5
10
11
9
5
5
9
5
5
5
9
15
5
5
6
7
9
9
5
5
9
5
5
6
5
5
5
7
5
6
3
5
5
7
5
5
5
7
5
7
5
3
9
5
6
7
7
5
7
3
5
7
5
7
5
7
5
11
5
5
9
29
5
4
5
4
6
5
5
7
5
5
5
5
6
7
7
3
5
5
5
5
12
5
8
5
11
8
5
6
5
5
7
3
5
7
5
7
5
11
5
5
4
5
5
9
5
10
15
5
5
5
14
7
6
5
3
5
5
5
10
9
8
8
6
5
6
5
7
4
7
6
4
5
7
13
5
5
11
5
5
4
16
5
7
4
7
5
5
5
6
10
5
5
5
5
5
6
13
5
5
5
7
5
5
5
9
5
7
5
6
5
6
13
14
5
8
5
5
5
5
5
5
5
13
5
5
11
8
5
5
7
5
5
5
5
9
5
15
5
12
5
7
5
15
5
6
7
5
5
4
5
9
5
3
5
9
5
5
16
6
6
5
6
8
6
25
6
5
5
14
6
16
5
10
3
8
6
8
5
5
5
5
3
3
4
5
5
3
5
4
7
4
6
5
5
5
4
5
5
5
5
5
5
7
5
7
9
5
5
5
6
5
4
7
5
3
5
5
3
5
5
6
9
9
5
3
5
5
9
3
3
8
5
6
7
5
5
5
5
10
9
8
9
3
7
8
4
5
5
5
3
9
7
11
5
3
3
3
3
14
3
5
5
7
7
14
3
7
5
23
5